-15.82408, -47.95189, 7.23 
-15.831164, -48.052315, 6.4 
-15.81757, -47.85647, 6.35 
-15.78678, -47.88975, 6.31 
-15.79701, -47.89231, 6.29 
-15.794764, -47.892196, 6.15 
-15.7948, -47.8922, 6.15 
-15.79653, -47.89332, 6.08 
-15.79474, -47.89214, 5.93 
-15.81917, -47.90639, 5.86 
-15.7945, -47.8926, 5.63 
-16.00608, -47.99933, 5.6 
-15.791007, -47.885107, 5.38 
-15.79549, -47.8909, 5.3 
-15.796512, -47.893571, 5.29 
-15.692232, -47.852723, 5.07 
-15.6922, -47.8868, 5.07 
-15.79798, -47.89387, 4.92 
-15.78681, -47.8897, 4.9 
-15.788234, -47.8844, 4.82 
-15.79942, -47.89361, 4.55 
-15.79561, -47.89039, 4.54 
-15.80094, -47.89425, 4.51 
-15.79384, -47.89163, 4.47 
-15.82694, -47.95247, 4.33 
-15.80237, -47.870735, 4.31 
-15.82553, -47.95242, 4.31 
-15.78983, -47.90003, 4.29 
-15.794341, -47.88684, 4.27 
-15.7943, -47.8868, 4.27 
-15.81294, -47.96044, 4.27 
-15.794791, -47.883812, 4.26 
-15.79415, -47.88357, 4.25 
-15.787708, -47.886238, 4.19 
-15.79838, -47.89515, 4.16 
-15.82475, -47.954, 4.16 
-15.69039, -47.85636, 4.13 
-15.85922, -47.99956, 4.12 
-15.800324, -47.886099, 4.08 
-15.79589, -47.89117, 4.07 
-15.790515, -47.901707, 4.07 
-15.790076, -47.900993, 4.06 
-15.79492, -47.89207, 4.05 
-15.795, -47.89208, 4.05 
-15.8395, -47.98694, 4.03 
-15.797819, -47.896827, 3.97 
-15.79681, -47.89506, 3.93 
-15.87, -48.03911, 3.93 
-15.779919, -47.875284, 3.89 
-15.79803, -47.89139, 3.87 
-15.784272, -47.900653, 3.84 
-16.02392, -47.98161, 3.75 
-15.844963, -47.893732, 3.74 
-15.82575, -47.98125, 3.7 
-15.739012, -47.889654, 3.68 
-15.690613, -47.855504, 3.66 
-15.79906, -47.89422, 3.62 
-15.79747, -47.89219, 3.58 
-15.78739, -47.89161, 3.54 
-15.78863, -47.8884, 3.53 
-15.78996, -47.88854, 3.49 
-15.78383, -47.89667, 3.48 
-15.685794, -47.862588, 3.44 
-15.909, -48.05856, 3.44 
-15.78262, -47.89679, 3.38 
-15.79394, -47.88331, 3.35 
-15.813102, -47.912747, 3.33 
-15.826885, -47.929876, 3.33 
-15.80864, -47.96067, 3.32 
-15.801639, -47.926841, 3.3 
-15.79653, -47.893, 3.27 
-15.785166, -47.901208, 3.24 
-15.69043, -47.85782, 3.22 
-15.79664, -47.89284, 3.21 
-15.83468, -48.055909, 3.19 
-15.83784, -48.05356, 3.17 
-15.69064, -47.85797, 3.14 
-15.68933, -47.85772, 3.14 
-15.78694, -47.89903, 3.13 
-15.750948, -47.894388, 3.11 
-15.79764, -47.89667, 3.09 
-15.86619, -48.028766, 3.08 
-15.78678, -47.88396, 3.06 
-15.79117, -47.88625, 3.05 
-15.83825, -47.98483, 3.04 
-15.84445, -48.04061, 3.02 
-15.78286, -47.90144, 3.01 
-15.79555, -47.89056, 2.99 
-15.790569, -47.880992, 2.99 
-15.79586, -47.88983, 2.98 
-15.7334, -47.89699, 2.98 
-15.78214, -47.89689, 2.97 
-15.84143, -48.04165, 2.93 
-15.78414, -47.89675, 2.92 
-15.79522, -47.89158, 2.9 
-15.80325, -47.89516, 2.9 
-15.78798, -47.88814, 2.89 
-15.837484, -48.053633, 2.89 
-15.783353, -47.900378, 2.87 
-15.852, -47.96611, 2.85 
-15.68956, -47.85746, 2.84 
-15.867117, -48.023229, 2.84 
-15.79672, -47.89331, 2.82 
-15.79653, -47.89169, 2.81 
-15.78375, -47.89664, 2.81 
-15.773296, -47.877855, 2.81 
-15.83147, -47.87317, 2.81 
-15.68908, -47.85983, 2.8 
-15.765574, -47.87257, 2.8 
-15.869927, -47.965759, 2.8 
-15.841375, -48.042572, 2.79 
-15.68957, -47.85863, 2.78 
-15.81781, -47.87525, 2.78 
-15.78428, -47.89519, 2.77 
-15.79907, -47.89784, 2.77 
-15.8175, -47.9875, 2.76 
-15.78492, -47.90153, 2.75 
-15.81538, -47.888695, 2.72 
-15.78187, -47.929778, 2.72 
-15.79071, -48.02447, 2.72 
-15.79856, -47.89525, 2.7 
-15.812122, -47.898111, 2.69 
-16.02408, -47.98256, 2.69 
-15.79742, -47.8895, 2.68 
-15.83069, -48.08983, 2.68 
-15.811929, -48.112086, 2.67 
-15.81, -47.95778, 2.66 
-15.79742, -47.89358, 2.65 
-15.78353, -47.89633, 2.65 
-15.7918, -47.88273, 2.65 
-15.79728, -47.89681, 2.64 
-15.7885, -47.90764, 2.62 
-15.779681, -47.887655, 2.62 
-15.7975, -47.89178, 2.61 
-15.686478, -47.866409, 2.61 
-15.83686, -47.95317, 2.6 
-15.800678, -48.112275, 2.6 
-15.79811, -47.89256, 2.59 
-15.79916, -47.89779, 2.59 
-15.78117, -47.89542, 2.59 
-15.82362, -47.97129, 2.57 
-15.79873, -47.933372, 2.56 
-15.79764, -47.89771, 2.55 
-15.79573, -47.88762, 2.55 
-15.79304, -48.02623, 2.55 
-15.822543, -48.06092, 2.52 
-15.79661, -47.89356, 2.51 
-15.792978, -47.942163, 2.5 
-15.78552, -47.8891, 2.49 
-15.78608, -47.88786, 2.49 
-15.81232, -47.90272, 2.49 
-15.79528, -47.91278, 2.48 
-15.805153, -47.882726, 2.48 
-15.686439, -47.866482, 2.48 
-15.6864, -47.8868, 2.48 
-15.78669, -47.90914, 2.47 
-16.02575, -47.98125, 2.47 
-15.78775, -47.88936, 2.45 
-15.79879, -47.863636, 2.45 
-15.83822, -47.98497, 2.44 
-15.813059, -48.114145, 2.44 
-15.78761, -47.88933, 2.43 
-15.86586, -47.98206, 2.43 
-15.64111, -47.62806, 2.42 
-15.86425, -48.02814, 2.41 
-15.78946, -47.90179, 2.4 
-15.79342, -47.91889, 2.4 
-15.686404, -47.866846, 2.4 
-15.84475, -47.89342, 2.4 
-15.82378, -47.97319, 2.4 
-15.79505, -47.91715, 2.39 
-15.82911, -47.93597, 2.39 
-15.80853, -47.93689, 2.37 
-15.803003, -47.939765, 2.37 
-15.83456, -47.95331, 2.37 
-15.80075, -48.06536, 2.37 
-15.965, -48.02183, 2.37 
-15.79836, -47.89217, 2.36 
-15.83494, -47.9545, 2.35 
-15.84164, -48.04233, 2.35 
-15.769408, -47.891874, 2.34 
-15.86636, -47.98428, 2.34 
-15.781362, -47.929697, 2.33 
-15.813773, -48.105002, 2.32 
-15.83206, -47.95608, 2.3 
-15.78808, -47.91011, 2.29 
-15.80347, -47.94014, 2.29 
-15.79551, -47.89309, 2.26 
-15.78806, -47.88549, 2.26 
-15.826186, -47.923331, 2.26 
-15.83422, -47.95658, 2.26 
-15.79119, -47.98022, 2.26 
-15.80172, -47.94908, 2.25 
-15.84928, -47.884, 2.25 
-15.8231, -48.05835, 2.24 
-15.79608, -47.88914, 2.23 
-15.79853, -47.89731, 2.23 
-15.79407, -47.88605, 2.23 
-15.80222, -47.92639, 2.23 
-15.73664, -47.89675, 2.23 
-15.79447, -47.911, 2.22 
-15.79273, -47.91901, 2.22 
-15.79017, -47.88385, 2.21 
-15.75937, -47.88644, 2.21 
-15.84714, -47.89714, 2.21 
-15.83408, -47.95439, 2.21 
-15.80158, -47.99631, 2.21 
-15.78897, -47.88814, 2.2 
-15.79967, -47.89372, 2.2 
-15.7884, -47.88263, 2.2 
-15.836031, -48.019687, 2.2 
-15.79041, -47.88409, 2.19 
-15.76047, -47.83039, 2.19 
-15.81269, -47.95842, 2.19 
-15.82508, -47.97267, 2.19 
-15.83916, -48.05431, 2.19 
-15.78683, -47.88358, 2.18 
-15.78517, -47.89692, 2.17 
-16.01767, -48.067739, 2.17 
-15.77638, -47.887457, 2.16 
-15.79732, -47.89812, 2.15 
-15.78746, -47.88535, 2.15 
-15.79092, -47.88422, 2.15 
-15.78578, -47.89983, 2.14 
-15.78169, -47.90103, 2.14 
-15.79792, -47.88564, 2.14 
-15.68578, -47.86264, 2.14 
-15.84357, -47.97349, 2.14 
-15.84338, -48.04884, 2.14 
-15.90215, -47.774742, 2.14 
-15.77836, -47.91217, 2.13 
-15.69024, -47.85617, 2.13 
-15.768617, -47.880058, 2.13 
-15.85066, -47.81459, 2.13 
-15.752907, -47.892713, 2.12 
-15.81903, -47.9785, 2.12 
-15.804, -48.01771, 2.12 
-15.84328, -48.04358, 2.12 
-15.804792, -47.882667, 2.11 
-15.81861, -47.90444, 2.11 
-15.80111, -47.88408, 2.1 
-15.85022, -47.97281, 2.1 
-15.84992, -47.96508, 2.09 
-15.82092, -47.99211, 2.09 
-15.78952, -47.8873, 2.08 
-15.79826, -47.89703, 2.08 
-15.79917, -47.89776, 2.08 
-15.809, -47.93442, 2.08 
-15.85211, -47.964, 2.08 
-15.80333, -47.86822, 2.07 
-15.86992, -47.92186, 2.07 
-15.85258, -47.81414, 2.07 
-15.87041, -48.03729, 2.07 
-15.7856, -47.88772, 2.06 
-15.86983, -47.93167, 2.06 
-15.805676, -48.058298, 2.06 
-15.78258, -47.89553, 2.05 
-15.81321, -47.88667, 2.05 
-15.80083, -47.925, 2.05 
-15.81785, -47.87538, 2.05 
-15.79869, -47.93344, 2.05 
-15.79508, -47.89163, 2.04 
-15.80133, -47.86325, 2.04 
-15.73333, -47.86456, 2.04 
-15.85997, -47.99989, 2.04 
-15.80922, -48.06269, 2.04 
-15.78575, -47.90058, 2.03 
-15.78683, -47.88828, 2.03 
-15.78808, -47.89934, 2.02 
-15.78661, -47.89, 2.02 
-15.78864, -47.88556, 2.02 
-15.80433, -47.88581, 2.02 
-15.80239, -47.87086, 2.02 
-15.759568, -47.878864, 2.02 
-15.82711, -47.93558, 2.02 
-15.79899, -47.89793, 2.01 
-15.8082, -47.92831, 2.01 
-15.96484, -48.02357, 2.01 
-15.79737, -47.89655, 1.99 
-15.79822, -47.89453, 1.99 
-15.79714, -47.89957, 1.99 
-15.80303, -47.95181, 1.99 
-15.86358, -48.00689, 1.99 
-15.81034, -48.02938, 1.99 
-15.81431, -48.10405, 1.99 
-15.79814, -47.89228, 1.98 
-15.781679, -47.903491, 1.98 
-15.80012, -47.97092, 1.98 
-15.79917, -47.89436, 1.97 
-15.80411, -47.94114, 1.97 
-15.90801, -47.76096, 1.97 
-15.79169, -47.88408, 1.96 
-15.833, -47.95372, 1.96 
-15.83406, -47.95375, 1.96 
-15.86531, -47.97919, 1.96 
-15.85161, -47.96525, 1.95 
-15.80644, -48.13664, 1.95 
-15.79626, -47.89158, 1.94 
-15.7879, -47.88768, 1.94 
-15.84542, -47.89561, 1.94 
-15.81442, -47.98406, 1.94 
-15.84298, -47.97353, 1.94 
-15.73289, -47.89625, 1.93 
-15.91042, -47.76103, 1.93 
-15.811123, -48.07923, 1.93 
-15.79103, -47.88386, 1.92 
-15.83519, -47.95461, 1.92 
-15.78786, -47.89016, 1.91 
-15.79657, -47.88744, 1.91 
-15.78106, -47.89539, 1.91 
-15.66186, -48.19967, 1.91 
-15.78171, -47.89858, 1.9 
-15.7815, -47.89808, 1.9 
-15.79775, -47.94958, 1.9 
-15.79792, -47.94976, 1.9 
-15.822381, -48.060976, 1.9 
-15.79506, -47.88513, 1.89 
-15.80417, -47.95903, 1.89 
-15.86414, -48.00997, 1.89 
-15.85906, -48.04492, 1.89 
-15.804, -48.06728, 1.89 
-15.909986, -48.090472, 1.88 
-15.79581, -47.88767, 1.87 
-15.71606, -47.88594, 1.87 
-15.81864, -48.06361, 1.87 
-15.806823, -47.886947, 1.86 
-15.74611, -47.901, 1.86 
-15.74328, -47.76147, 1.86 
-15.86837, -47.93459, 1.86 
-15.82531, -47.98436, 1.86 
-15.80006, -47.99981, 1.86 
-15.96371, -48.02329, 1.86 
-15.79462, -47.93988, 1.85 
-15.79747, -47.95119, 1.85 
-15.86992, -47.93311, 1.85 
-15.82669, -47.92939, 1.84 
-15.7957, -47.8903, 1.83 
-15.7795, -47.87719, 1.83 
-15.81798, -47.88904, 1.83 
-15.7965, -47.94908, 1.83 
-15.80969, -47.832, 1.83 
-15.86889, -47.93959, 1.83 
-15.84281, -48.04514, 1.83 
-15.84869, -48.06069, 1.83 
-15.78266, -47.89574, 1.82 
-15.806857, -47.886736, 1.82 
-15.808528, -47.883957, 1.82 
-15.742318, -47.901129, 1.82 
-15.84507, -47.98401, 1.82 
-15.82153, -48.06267, 1.82 
-15.7865, -47.90039, 1.81 
-15.81088, -47.95824, 1.81 
-15.85683, -47.91097, 1.81 
-15.90997, -47.75864, 1.81 
-15.905, -48.04939, 1.81 
-15.640968, -47.640693, 1.81 
-15.78381, -47.89503, 1.8 
-15.78664, -47.88331, 1.8 
-15.80108, -47.96425, 1.8 
-15.84235, -47.94647, 1.8 
-15.84224, -47.94669, 1.8 
-15.86865, -47.93845, 1.8 
-15.80427, -47.88578, 1.79 
-15.79566, -47.86741, 1.79 
-15.90081, -47.77389, 1.79 
-15.96328, -48.02322, 1.79 
-15.7857, -47.89663, 1.78 
-15.84132, -47.94898, 1.78 
-15.84142, -47.94905, 1.78 
-15.83286, -47.95708, 1.78 
-15.86175, -48.0085, 1.78 
-15.837016, -48.058884, 1.78 
-15.90572, -48.04636, 1.78 
-15.64205, -47.62689, 1.78 
-15.78681, -47.88522, 1.77 
-15.79444, -47.90972, 1.77 
-15.82522, -47.92983, 1.77 
-15.71744, -47.88539, 1.77 
-15.64383, -47.80156, 1.77 
-15.85869, -47.9125, 1.77 
-15.86947, -47.87578, 1.77 
-15.83525, -48.05656, 1.77 
-15.87567, -48.09744, 1.77 
-15.85697, -48.04603, 1.76 
-15.90892, -47.76008, 1.76 
-15.83056, -48.03389, 1.75 
-15.79906, -47.89611, 1.74 
-15.81065, -47.90386, 1.74 
-15.73913, -47.89005, 1.74 
-15.75972, -47.83086, 1.74 
-15.82492, -47.98283, 1.74 
-15.80312, -48.03431, 1.74 
-15.87939, -48.07158, 1.74 
-15.79711, -47.89256, 1.73 
-15.78694, -47.91239, 1.73 
-15.84657, -47.89297, 1.73 
-15.81167, -47.95794, 1.73 
-15.8145, -47.97622, 1.73 
-15.86733, -47.98814, 1.73 
-15.8634, -48.00881, 1.73 
-15.821, -48.0615, 1.73 
-15.62136, -47.65425, 1.73 
-15.90771, -48.06665, 1.73 
-15.87928, -48.10992, 1.73 
-15.782614, -47.883855, 1.72 
-15.7345, -47.89758, 1.72 
-15.80019, -48.11361, 1.72 
-15.89171, -48.1457, 1.72 
-15.80158, -47.88519, 1.71 
-15.81565, -47.88631, 1.71 
-15.80694, -47.93419, 1.71 
-15.80326, -47.95, 1.71 
-15.85101, -47.87717, 1.71 
-15.83136, -48.034798, 1.71 
-15.995109, -48.052434, 1.71 
-15.75589, -47.88244, 1.7 
-15.83561, -47.86656, 1.7 
-15.8003, -47.96964, 1.7 
-15.80042, -47.93131, 1.69 
-15.90397, -48.06062, 1.69 
-15.7855, -48.13858, 1.69 
-15.58185, -47.47892, 1.69 
-15.79364, -47.87461, 1.68 
-15.79261, -47.91961, 1.68 
-15.79953, -47.9248, 1.68 
-15.80094, -47.96919, 1.68 
-15.84875, -47.95006, 1.68 
-15.76949, -47.77973, 1.68 
-15.87508, -47.99669, 1.68 
-15.84444, -48.04064, 1.68 
-15.84039, -48.12933, 1.68 
-15.80417, -47.89083, 1.67 
-15.801, -47.88418, 1.67 
-15.79941, -47.87911, 1.67 
-15.81296, -47.90408, 1.67 
-15.84094, -47.9195, 1.67 
-15.709026, -47.91145, 1.67 
-15.79799, -47.88339, 1.66 
-15.81522, -47.88854, 1.66 
-15.82608, -47.92883, 1.66 
-15.8409, -47.94989, 1.66 
-15.84092, -47.95006, 1.66 
-15.81, -48.04286, 1.66 
-15.84119, -48.04556, 1.66 
-15.78606, -47.89839, 1.65 
-15.83019, -47.87406, 1.65 
-15.82719, -47.93333, 1.65 
-15.79017, -47.98331, 1.65 
-15.90761, -48.0485, 1.65 
-15.7885, -47.88667, 1.64 
-15.8121, -47.8981, 1.64 
-15.7546, -47.88173, 1.64 
-15.82491, -47.9326, 1.64 
-15.82322, -48.06361, 1.64 
-15.79237, -47.88146, 1.63 
-15.81567, -47.88631, 1.63 
-15.78156, -47.92967, 1.63 
-15.86714, -47.98722, 1.63 
-15.80316, -48.02644, 1.63 
-15.88847, -48.01531, 1.63 
-15.80842, -48.061, 1.63 
-15.78648, -47.90098, 1.62 
-15.79694, -47.88767, 1.62 
-15.80067, -47.88451, 1.62 
-15.81586, -47.88956, 1.62 
-15.79908, -47.94973, 1.62 
-15.71861, -47.8875, 1.62 
-15.84806, -47.97517, 1.62 
-15.87353, -47.99494, 1.62 
-15.80875, -48.03986, 1.62 
-15.79856, -47.8645, 1.61 
-15.82586, -47.87634, 1.61 
-15.80242, -47.99933, 1.61 
-15.87657, -48.00849, 1.61 
-15.82497, -48.08789, 1.61 
-15.91625, -48.05112, 1.61 
-15.79795, -47.89024, 1.6 
-15.83444, -47.91778, 1.6 
-15.839796, -47.883783, 1.6 
-15.86051, -47.62181, 1.6 
-15.79631, -47.89147, 1.59 
-15.79878, -47.9285, 1.59 
-15.75843, -47.81327, 1.59 
-15.83545, -47.95219, 1.59 
-15.90264, -48.06108, 1.59 
-15.79633, -47.88739, 1.58 
-15.7992, -47.94978, 1.58 
-15.82292, -47.98292, 1.58 
-15.82208, -48.06094, 1.58 
-15.78839, -47.88708, 1.57 
-15.68685, -47.86035, 1.57 
-15.82175, -47.95638, 1.57 
-15.76967, -47.77972, 1.57 
-16.00753, -47.9865, 1.57 
-15.805779, -47.892984, 1.56 
-15.77469, -47.91022, 1.56 
-15.80382, -47.86437, 1.56 
-15.8179, -47.87519, 1.56 
-15.90224, -48.05966, 1.56 
-15.96464, -48.02272, 1.56 
-15.80492, -48.12519, 1.56 
-15.787, -48.12597, 1.56 
-15.80056, -47.88619, 1.55 
-15.80026, -47.88096, 1.55 
-15.81253, -47.90425, 1.55 
-15.81259, -47.90439, 1.55 
-15.68469, -47.86036, 1.55 
-15.72416, -47.86905, 1.55 
-15.88958, -48.09675, 1.55 
-15.79786, -47.88333, 1.54 
-15.81836, -47.90537, 1.54 
-15.80311, -47.94189, 1.54 
-15.87077, -47.96604, 1.54 
-15.87236, -47.96514, 1.54 
-15.81622, -48.10511, 1.54 
-15.88016, -48.09425, 1.54 
-16.01843, -48.01894, 1.54 
-15.77458, -47.88627, 1.53 
-15.80017, -47.94842, 1.53 
-15.90372, -48.06194, 1.53 
-15.81047, -48.11259, 1.53 
-15.79108, -47.88378, 1.52 
-15.79758, -47.92006, 1.52 
-15.76861, -47.88006, 1.52 
-15.78761, -47.83189, 1.52 
-15.85128, -47.97514, 1.52 
-15.80888, -48.02782, 1.52 
-15.83579, -48.05622, 1.52 
-15.64278, -47.62639, 1.52 
-15.77842, -47.88783, 1.51 
-15.7895, -47.91492, 1.51 
-15.8119, -47.90482, 1.51 
-15.80211, -47.92786, 1.51 
-15.82503, -47.87678, 1.51 
-15.8245, -48.08728, 1.51 
-15.79864, -47.89575, 1.5 
-15.78818, -47.88438, 1.5 
-15.79859, -47.92159, 1.5 
-15.75893, -47.88793, 1.5 
-15.7845, -47.93517, 1.5 
-15.71742, -47.88625, 1.5 
-15.78756, -47.83178, 1.5 
-15.79455, -48.03971, 1.5 
-15.87061, -47.77019, 1.5 
-15.877, -48.09794, 1.5 
-16.01208, -48.08117, 1.5 
-15.72323, -47.87022, 1.49 
-15.82311, -47.92998, 1.49 
-15.8162, -47.84147, 1.49 
-15.85406, -47.90039, 1.49 
-15.86572, -47.86462, 1.49 
-15.84578, -48.03139, 1.49 
-15.88561, -48.07908, 1.49 
-15.79097, -47.88139, 1.48 
-15.77553, -47.88747, 1.48 
-15.76289, -47.89094, 1.48 
-15.78339, -47.93017, 1.48 
-15.75599, -47.81275, 1.48 
-15.81956, -47.99056, 1.48 
-15.81958, -48.06217, 1.48 
-15.88912, -48.10981, 1.48 
-15.79906, -47.88389, 1.47 
-15.79588, -47.86748, 1.47 
-15.749671, -47.834033, 1.47 
-15.84511, -47.79208, 1.47 
-15.86675, -48.08294, 1.47 
-15.78248, -47.88749, 1.46 
-15.80615, -47.89794, 1.46 
-15.81775, -47.87603, 1.46 
-15.82655, -47.90577, 1.46 
-15.64906, -47.795794, 1.46 
-15.74703, -47.76778, 1.46 
-15.81639, -47.98861, 1.46 
-15.79822, -47.89228, 1.45 
-15.79933, -47.88405, 1.45 
-15.76008, -47.88808, 1.45 
-15.78302, -47.93738, 1.45 
-15.83039, -47.87544, 1.45 
-15.83861, -47.91947, 1.45 
-15.79925, -47.94994, 1.45 
-15.81581, -47.84417, 1.45 
-15.84178, -47.94978, 1.45 
-15.85761, -47.83392, 1.45 
-16.02578, -48.05725, 1.45 
-16.02637, -48.05693, 1.45 
-15.78808, -47.88755, 1.44 
-15.77777, -47.88003, 1.44 
-15.81206, -47.90592, 1.44 
-15.79825, -47.86539, 1.44 
-15.79928, -47.95094, 1.44 
-15.87031, -47.93267, 1.44 
-15.85203, -47.96608, 1.44 
-15.82225, -48.03472, 1.44 
-16.0025, -48.05325, 1.44 
-15.80114, -47.86917, 1.43 
-15.79347, -47.92953, 1.43 
-15.79925, -47.92892, 1.43 
-15.82431, -47.92178, 1.43 
-15.80433, -47.93917, 1.43 
-15.80525, -47.9405, 1.43 
-15.82808, -47.95247, 1.43 
-15.85239, -47.84575, 1.43 
-15.87911, -48.01847, 1.43 
-15.84019, -48.04311, 1.43 
-15.6415, -47.63861, 1.43 
-15.90316, -48.06199, 1.43 
-16.02546, -47.98661, 1.43 
-15.79777, -47.88575, 1.42 
-15.80574, -47.88471, 1.42 
-15.80369, -47.86469, 1.42 
-15.80067, -47.96564, 1.42 
-15.85837, -47.9108, 1.42 
-15.87004, -47.96578, 1.42 
-15.90881, -48.06908, 1.42 
-15.78662, -47.90082, 1.41 
-15.79198, -47.88484, 1.41 
-15.79503, -47.88472, 1.41 
-15.79217, -47.91626, 1.41 
-15.80366, -47.86957, 1.41 
-15.75639, -47.89656, 1.41 
-15.73864, -47.90269, 1.41 
-15.84278, -47.878, 1.41 
-15.80106, -47.96303, 1.41 
-15.64633, -47.78889, 1.41 
-15.85066, -47.96493, 1.41 
-15.87728, -48.00706, 1.41 
-15.78361, -47.88472, 1.4 
-15.81386, -47.88683, 1.4 
-15.74652, -47.9014, 1.4 
-15.85791, -47.99887, 1.4 
-15.79606, -47.884, 1.39 
-15.78749, -47.90847, 1.39 
-15.74767, -47.92353, 1.39 
-15.84269, -47.94522, 1.39 
-15.85694, -47.99953, 1.39 
-15.84417, -48.03253, 1.39 
-15.84417, -48.03261, 1.39 
-15.83061, -48.05445, 1.39 
-15.62377, -47.68012, 1.39 
-15.86475, -48.08017, 1.39 
-16.01153, -48.00775, 1.39 
-16.02392, -47.98455, 1.39 
-15.79205, -47.88431, 1.38 
-15.80375, -47.88389, 1.38 
-15.78789, -47.87161, 1.38 
-15.72444, -47.86858, 1.38 
-15.80242, -47.94061, 1.38 
-15.86861, -47.87722, 1.38 
-15.82075, -47.97942, 1.38 
-15.82076, -47.99055, 1.38 
-16.02433, -47.9835, 1.38 
-15.78333, -47.92703, 1.37 
-15.83822, -48.05233, 1.37 
-15.82033, -48.06167, 1.37 
-15.7962, -47.88947, 1.36 
-15.78606, -47.88568, 1.36 
-15.82242, -47.91214, 1.36 
-15.80239, -47.93164, 1.36 
-15.75031, -47.89418, 1.36 
-15.72239, -47.87125, 1.36 
-15.73881, -47.88924, 1.36 
-15.83505, -48.05766, 1.36 
-15.80322, -47.86856, 1.35 
-15.7855, -47.93758, 1.35 
-15.835, -47.91972, 1.35 
-15.72286, -47.88475, 1.35 
-15.759, -47.82964, 1.35 
-15.78769, -47.83081, 1.35 
-15.87081, -47.96587, 1.35 
-15.81207, -48.11236, 1.35 
-16.00513, -47.99587, 1.35 
-15.89472, -48.12164, 1.35 
-15.78609, -47.8871, 1.34 
-15.82556, -47.87603, 1.34 
-15.73264, -47.89722, 1.34 
-15.79017, -47.83103, 1.34 
-15.83378, -47.95436, 1.34 
-15.85146, -47.95186, 1.34 
-15.84278, -47.97554, 1.34 
-15.74556, -47.70694, 1.34 
-15.84108, -48.01926, 1.34 
-15.83401, -48.09076, 1.34 
-15.81511, -48.10594, 1.34 
-15.88033, -48.11019, 1.34 
-16.02793, -48.05626, 1.34 
-15.78972, -47.88367, 1.33 
-15.79991, -47.88271, 1.33 
-15.78269, -47.92976, 1.33 
-15.82265, -47.92025, 1.33 
-15.79106, -47.84767, 1.33 
-15.83917, -47.91714, 1.33 
-15.73733, -47.89642, 1.33 
-15.71292, -47.9007, 1.33 
-15.74628, -47.77183, 1.33 
-15.74229, -47.76094, 1.33 
-15.815, -47.98469, 1.33 
-15.83221, -48.03493, 1.33 
-15.81014, -48.04283, 1.33 
-15.96575, -48.02508, 1.33 
-15.77371, -47.87022, 1.32 
-15.79997, -47.92606, 1.32 
-15.78386, -47.936, 1.32 
-15.74508, -47.89993, 1.32 
-15.87081, -47.93086, 1.32 
-15.85136, -47.81379, 1.32 
-15.80867, -48.04113, 1.32 
-15.85186, -48.06019, 1.32 
-15.91006, -48.09064, 1.32 
-15.82722, -48.13003, 1.32 
-16.01873, -48.06954, 1.32 
-15.79803, -47.89714, 1.31 
-15.79131, -47.88203, 1.31 
-15.68569, -47.86109, 1.31 
-15.75753, -47.89606, 1.31 
-15.7924, -47.8482, 1.31 
-15.833593, -47.917986, 1.31 
-15.80429, -47.84607, 1.31 
-15.71917, -47.8865, 1.31 
-15.79403, -47.97861, 1.31 
-15.89439, -47.80058, 1.31 
-15.80042, -47.89364, 1.3 
-15.78971, -47.8803, 1.3 
-15.7905, -47.87761, 1.3 
-15.78781, -47.87559, 1.3 
-15.77533, -47.91117, 1.3 
-15.766582, -47.866177, 1.3 
-15.80839, -47.93036, 1.3 
-15.82818, -47.90356, 1.3 
-15.82522, -47.92989, 1.3 
-15.84767, -47.89269, 1.3 
-15.85953, -47.91813, 1.3 
-15.87928, -48.01634, 1.3 
-15.88342, -48.07736, 1.3 
-16.01169, -48.07981, 1.3 
-16.02769, -48.07624, 1.3 
-15.77572, -47.88808, 1.29 
-15.77743, -47.88389, 1.29 
-15.81257, -47.90641, 1.29 
-15.79414, -47.92239, 1.29 
-15.777102, -47.932699, 1.29 
-15.74747, -47.89939, 1.29 
-15.79242, -47.84819, 1.29 
-15.83036, -47.87297, 1.29 
-15.85506, -47.90089, 1.29 
-15.81358, -47.98356, 1.29 
-15.8675, -47.97997, 1.29 
-15.85853, -47.99769, 1.29 
-15.84181, -48.12917, 1.29 
-16.01518, -48.06298, 1.29 
-16.02652, -48.05545, 1.29 
-15.78953, -47.90192, 1.28 
-15.79836, -47.88844, 1.28 
-15.77444, -47.88734, 1.28 
-15.78396, -47.93266, 1.28 
-15.82725, -47.92825, 1.28 
-15.83208, -47.92581, 1.28 
-15.84459, -48.03177, 1.28 
-15.8113, -48.07688, 1.28 
-15.80894, -48.08092, 1.28 
-15.82089, -48.08328, 1.28 
-15.8805, -48.06504, 1.28 
-15.84706, -48.10672, 1.28 
-15.66173, -48.20039, 1.28 
-15.79867, -47.8885, 1.27 
-15.80856, -47.89228, 1.27 
-15.79361, -47.92053, 1.27 
-15.87583, -47.82389, 1.27 
-15.86808, -47.98028, 1.27 
-15.7443, -47.70542, 1.27 
-15.89383, -47.80147, 1.27 
-15.88792, -48.01692, 1.27 
-15.80753, -48.13511, 1.27 
-15.78803, -47.90081, 1.26 
-15.79789, -47.87695, 1.26 
-15.81694, -47.90611, 1.26 
-15.80292, -47.86336, 1.26 
-15.66164, -47.83864, 1.26 
-15.79559, -47.94063, 1.26 
-15.74722, -47.88303, 1.26 
-15.8247, -47.92961, 1.26 
-15.83639, -47.91806, 1.26 
-15.80297, -47.94928, 1.26 
-15.86972, -47.93889, 1.26 
-15.84247, -47.97247, 1.26 
-15.84249, -47.97366, 1.26 
-15.84648, -47.98586, 1.26 
-15.84419, -47.79422, 1.26 
-15.84439, -47.79181, 1.26 
-15.88676, -47.9633, 1.26 
-15.87497, -47.99531, 1.26 
-15.84456, -48.04822, 1.26 
-15.91049, -48.05969, 1.26 
-15.87864, -48.10831, 1.26 
-16.02739, -48.05438, 1.26 
-15.79597, -47.91775, 1.25 
-15.78265, -47.92877, 1.25 
-15.64422, -47.82328, 1.25 
-15.85275, -47.85265, 1.25 
-15.79187, -47.98915, 1.25 
-15.8515, -48.0615, 1.25 
-15.82503, -48.1054, 1.25 
-16.03725, -48.03231, 1.25 
-15.78925, -47.88453, 1.24 
-15.80531, -47.88397, 1.24 
-15.79742, -47.91806, 1.24 
-15.79116, -47.93428, 1.24 
-15.80797, -47.9351, 1.24 
-15.81822, -47.85853, 1.24 
-15.74733, -47.88325, 1.24 
-15.85594, -47.8315, 1.24 
-15.80314, -48.0367, 1.24 
-15.79719, -48.05689, 1.24 
-15.83614, -48.05608, 1.24 
-15.82139, -48.06131, 1.24 
-15.85014, -48.05961, 1.24 
-15.90079, -48.06202, 1.24 
-15.81861, -48.09581, 1.24 
-15.82791, -48.10366, 1.24 
-15.69322, -47.83644, 1.23 
-15.78767, -47.88436, 1.23 
-15.80408, -47.88683, 1.23 
-15.71091, -47.81005, 1.23 
-15.81394, -47.88703, 1.23 
-15.79483, -47.94208, 1.23 
-15.82761, -47.93081, 1.23 
-15.83681, -47.86692, 1.23 
-15.64719, -47.76624, 1.23 
-15.81475, -47.98333, 1.23 
-15.798989, -48.096965, 1.23 
-15.79481, -48.10444, 1.23 
-15.91528, -48.06289, 1.23 
-15.88878, -48.09447, 1.23 
-15.79091, -47.88446, 1.22 
-15.79549, -47.88413, 1.22 
-15.79014, -47.88263, 1.22 
-15.78605, -47.85249, 1.22 
-15.72464, -47.87064, 1.22 
-15.83389, -47.91667, 1.22 
-15.8017, -47.96964, 1.22 
-15.82382, -48.08622, 1.22 
-15.81641, -48.11791, 1.22 
-16.02467, -47.98603, 1.22 
-15.78817, -47.89014, 1.21 
-15.78878, -47.88467, 1.21 
-15.78692, -47.88361, 1.21 
-15.81053, -47.89425, 1.21 
-15.81017, -47.90475, 1.21 
-15.80106, -47.92611, 1.21 
-15.79269, -47.92875, 1.21 
-15.76014, -47.83306, 1.21 
-15.715, -47.89875, 1.21 
-15.87008, -47.93194, 1.21 
-15.86572, -48.0287, 1.21 
-15.81473, -48.06351, 1.21 
-15.91813, -48.05056, 1.21 
-15.79969, -47.8868, 1.2 
-15.81486, -47.90375, 1.2 
-15.8245, -47.91222, 1.2 
-15.79989, -47.93328, 1.2 
-15.82313, -47.91879, 1.2 
-15.71128, -47.897, 1.2 
-15.81133, -47.95792, 1.2 
-15.84201, -47.94772, 1.2 
-15.81166, -47.98339, 1.2 
-15.87966, -47.81312, 1.2 
-15.87489, -47.99381, 1.2 
-15.80875, -48.03903, 1.2 
-15.8432, -48.04137, 1.2 
-15.83725, -48.11136, 1.2 
-15.80236, -48.11955, 1.2 
-15.79622, -47.88861, 1.19 
-15.79519, -47.88394, 1.19 
-15.78908, -47.88039, 1.19 
-15.80329, -47.88393, 1.19 
-15.79172, -47.87489, 1.19 
-15.79712, -47.86896, 1.19 
-15.83753, -47.91831, 1.19 
-15.80528, -47.94965, 1.19 
-15.8435, -47.94247, 1.19 
-15.64739, -47.76764, 1.19 
-15.789, -47.98911, 1.19 
-15.81472, -47.98861, 1.19 
-15.84427, -47.79342, 1.19 
-15.87589, -47.80347, 1.19 
-15.83847, -48.02608, 1.19 
-15.83692, -47.7455, 1.19 
-15.64131, -47.63998, 1.19 
-15.90301, -48.06226, 1.19 
-15.91906, -48.05615, 1.19 
-15.78994, -47.88587, 1.18 
-15.79663, -47.88712, 1.18 
-15.79663, -47.88586, 1.18 
-15.79144, -47.9352, 1.18 
-15.72214, -47.88303, 1.18 
-15.801, -47.96956, 1.18 
-15.87, -47.92819, 1.18 
-15.87001, -47.92819, 1.18 
-15.86867, -47.82142, 1.18 
-15.80694, -48.01865, 1.18 
-15.86649, -48.02897, 1.18 
-15.80915, -48.07522, 1.18 
-16.02628, -48.07847, 1.18 
-15.78819, -47.88349, 1.17 
-15.76481, -47.88222, 1.17 
-15.82314, -47.91036, 1.17 
-15.75228, -47.89397, 1.17 
-15.79267, -47.84941, 1.17 
-15.64653, -47.76644, 1.17 
-15.82019, -47.97846, 1.17 
-15.85131, -47.81296, 1.17 
-15.955731, -48.024039, 1.17 
-15.88064, -48.09436, 1.17 
-16.02891, -48.05468, 1.17 
-16.02058, -48.06861, 1.17 
-15.78947, -47.884, 1.16 
-15.80042, -47.88131, 1.16 
-15.79664, -47.87033, 1.16 
-15.80219, -47.8695, 1.16 
-15.81967, -47.89483, 1.16 
-15.83091, -47.87409, 1.16 
-15.75444, -47.81361, 1.16 
-15.72242, -47.88847, 1.16 
-15.74427, -47.75233, 1.16 
-15.7945, -48.04239, 1.16 
-15.863088, -48.037689, 1.16 
-15.92953, -47.97886, 1.16 
-15.96731, -48.02319, 1.16 
-15.80656, -48.12611, 1.16 
-16.03845, -48.03264, 1.16 
-16.02938, -48.06407, 1.16 
-15.78533, -47.87889, 1.15 
-15.80483, -47.88494, 1.15 
-15.79856, -47.87856, 1.15 
-15.76404, -47.89383, 1.15 
-15.77428, -47.87025, 1.15 
-15.79816, -47.9348, 1.15 
-15.74661, -47.90353, 1.15 
-15.79742, -47.94286, 1.15 
-15.84192, -47.87722, 1.15 
-15.64394, -47.80231, 1.15 
-15.81572, -47.98256, 1.15 
-15.83309, -48.01131, 1.15 
-15.83296, -48.01138, 1.15 
-15.81947, -48.08181, 1.15 
-15.90836, -48.06911, 1.15 
-15.80556, -48.13422, 1.15 
-15.80794, -48.14561, 1.15 
-16.03222, -48.06527, 1.15 
-15.78003, -47.87667, 1.14 
-15.77322, -47.87014, 1.14 
-15.80139, -47.84764, 1.14 
-15.83591, -47.86848, 1.14 
-15.79716, -47.94907, 1.14 
-15.8442, -47.8951, 1.14 
-15.64883, -47.78, 1.14 
-15.84164, -47.94781, 1.14 
-15.59583, -47.86778, 1.14 
-15.82817, -48.05766, 1.14 
-15.8344, -48.05678, 1.14 
-15.90306, -48.05861, 1.14 
-15.78564, -48.13908, 1.14 
-15.92572, -48.10486, 1.14 
-15.89109, -48.14684, 1.14 
-16.00835, -48.05341, 1.14 
-15.78831, -47.90106, 1.13 
-15.8025, -47.92444, 1.13 
-15.76717, -47.83283, 1.13 
-15.87081, -47.93112, 1.13 
-15.81694, -47.99, 1.13 
-15.80878, -48.02946, 1.13 
-15.80878, -48.03925, 1.13 
-15.92948, -47.94828, 1.13 
-15.82536, -48.05756, 1.13 
-15.85003, -48.06075, 1.13 
-15.8784, -48.07071, 1.13 
-15.79938, -48.13016, 1.13 
-15.66246, -48.2003, 1.13 
-15.69381, -47.83425, 1.12 
-15.78931, -47.91282, 1.12 
-15.80875, -47.90828, 1.12 
-15.67353, -47.82319, 1.12 
-15.80539, -47.95092, 1.12 
-15.79056, -47.83061, 1.12 
-15.71191, -47.90279, 1.12 
-15.86091, -47.8618, 1.12 
-15.84993, -47.82036, 1.12 
-15.89994, -47.91975, 1.12 
-15.80957, -48.06238, 1.12 
-15.85144, -48.06186, 1.12 
-15.8221, -48.09412, 1.12 
-16.02014, -48.06647, 1.12 
-15.78944, -47.87886, 1.11 
-15.80833, -47.90101, 1.11 
-15.77036, -47.89047, 1.11 
-15.8114, -47.90651, 1.11 
-15.79475, -47.87031, 1.11 
-15.801512, -47.860939, 1.11 
-15.80175, -47.86097, 1.11 
-15.82625, -47.92431, 1.11 
-15.85353, -47.90164, 1.11 
-15.81033, -47.95808, 1.11 
-15.87083, -47.82667, 1.11 
-15.87103, -47.96753, 1.11 
-15.74812, -47.70338, 1.11 
-15.87733, -48.00828, 1.11 
-15.83985, -48.04328, 1.11 
-15.8179, -48.0615, 1.11 
-15.88179, -48.09403, 1.11 
-15.80678, -48.12419, 1.11 
-15.99661, -47.98747, 1.11 
-15.778281, -47.884386, 1.1 
-15.78819, -47.87162, 1.1 
-15.79689, -47.86889, 1.1 
-15.80181, -47.86747, 1.1 
-15.81664, -47.91217, 1.1 
-15.80972, -47.86872, 1.1 
-15.75819, -47.87836, 1.1 
-15.79458, -47.94236, 1.1 
-15.82989, -47.92044, 1.1 
-15.73768, -47.90286, 1.1 
-15.86019, -47.91914, 1.1 
-15.8383, -47.97935, 1.1 
-15.78077, -47.77945, 1.1 
-15.85094, -47.81511, 1.1 
-15.86667, -47.95917, 1.1 
-15.89681, -47.91994, 1.1 
-15.82099, -48.03625, 1.1 
-15.86303, -48.03869, 1.1 
-15.67747, -47.65417, 1.1 
-15.90432, -48.06396, 1.1 
-15.9085, -48.06804, 1.1 
-15.80022, -48.11257, 1.1 
-15.87881, -48.10861, 1.1 
-16.02688, -48.06011, 1.1 
-15.80472, -47.89167, 1.09 
-15.78936, -47.87988, 1.09 
-15.79857, -47.86677, 1.09 
-15.72531, -47.8455, 1.09 
-15.79882, -47.92433, 1.09 
-15.79969, -47.93003, 1.09 
-15.83147, -47.91972, 1.09 
-15.82809, -47.93462, 1.09 
-15.83982, -47.95124, 1.09 
-15.83076, -48.01289, 1.09 
-15.83005, -48.01316, 1.09 
-15.82333, -48.03681, 1.09 
-15.82707, -48.05798, 1.09 
-15.62278, -47.65436, 1.09 
-15.84872, -48.11961, 1.09 
-16.02834, -48.05763, 1.09 
-15.78217, -47.9002, 1.08 
-15.81189, -47.89575, 1.08 
-15.80306, -47.92778, 1.08 
-15.66269, -47.85336, 1.08 
-15.83122, -47.87631, 1.08 
-15.80053, -47.84619, 1.08 
-15.8405, -47.87708, 1.08 
-15.84792, -47.88569, 1.08 
-15.85459, -47.90206, 1.08 
-15.77086, -47.77958, 1.08 
-15.84292, -47.79278, 1.08 
-15.88235, -48.01421, 1.08 
-15.80261, -48.07353, 1.08 
-15.62094, -47.65639, 1.08 
-15.81628, -48.10298, 1.08 
-16.01847, -48.06865, 1.08 
-15.79736, -47.89208, 1.07 
-15.78889, -47.8856, 1.07 
-15.80023, -47.88356, 1.07 
-15.80561, -47.88212, 1.07 
-15.76858, -47.88283, 1.07 
-15.69647, -47.87314, 1.07 
-15.82993, -47.91783, 1.07 
-15.71742, -47.88628, 1.07 
-15.84543, -47.92325, 1.07 
-15.7903, -47.83074, 1.07 
-15.81344, -47.97786, 1.07 
-15.87955, -48.01758, 1.07 
-15.87064, -47.76578, 1.07 
-15.90867, -47.76028, 1.07 
-16.04122, -48.25856, 1.07 
-15.78106, -47.88749, 1.06 
-15.78302, -47.88333, 1.06 
-15.7771, -47.89015, 1.06 
-15.79918, -47.87808, 1.06 
-15.81442, -47.89861, 1.06 
-15.81669, -47.88806, 1.06 
-15.75874, -47.88723, 1.06 
-15.75599, -47.88093, 1.06 
-15.81803, -47.8591, 1.06 
-15.65654, -47.80436, 1.06 
-15.84543, -47.89476, 1.06 
-15.82869, -47.936, 1.06 
-15.73538, -47.89603, 1.06 
-15.63816, -47.84736, 1.06 
-15.79097, -47.82908, 1.06 
-15.85108, -47.84856, 1.06 
-15.82106, -47.97772, 1.06 
-15.61792, -47.94942, 1.06 
-15.83603, -48.05631, 1.06 
-15.81681, -48.06286, 1.06 
-15.85326, -48.06064, 1.06 
-15.87615, -48.05865, 1.06 
-15.90531, -48.06008, 1.06 
-15.88275, -48.07878, 1.06 
-15.89017, -48.09536, 1.06 
-15.79338, -48.14691, 1.06 
-15.78865, -47.90119, 1.05 
-15.78585, -47.88513, 1.05 
-15.80194, -47.88211, 1.05 
-15.68239, -47.83685, 1.05 
-15.77089, -47.89056, 1.05 
-15.79172, -47.92031, 1.05 
-15.81506, -47.86978, 1.05 
-15.75958, -47.87876, 1.05 
-15.82764, -47.88819, 1.05 
-15.72335, -47.86993, 1.05 
-15.81803, -47.85732, 1.05 
-15.83389, -47.92514, 1.05 
-15.72316, -47.88669, 1.05 
-15.63843, -47.84622, 1.05 
-15.84164, -47.94783, 1.05 
-15.80026, -47.97003, 1.05 
-15.86778, -47.94, 1.05 
-15.844, -48.05011, 1.05 
-15.90247, -47.76064, 1.05 
-15.83286, -48.09075, 1.05 
-15.8287, -48.10153, 1.05 
-15.83843, -48.10119, 1.05 
-15.81104, -48.11037, 1.05 
-15.80553, -48.12628, 1.05 
-15.78267, -47.90125, 1.04 
-15.79253, -47.88163, 1.04 
-15.80387, -47.89574, 1.04 
-15.78697, -47.8775, 1.04 
-15.80064, -47.86208, 1.04 
-15.81952, -47.875, 1.04 
-15.80837, -47.9303, 1.04 
-15.82268, -47.9183, 1.04 
-15.79517, -47.94253, 1.04 
-15.74375, -47.85058, 1.04 
-15.80508, -47.84369, 1.04 
-15.85099, -47.87631, 1.04 
-15.85561, -47.83906, 1.04 
-15.85211, -47.96394, 1.04 
-15.84983, -47.97424, 1.04 
-15.8995, -47.92153, 1.04 
-15.8594, -47.9979, 1.04 
-15.8028, -48.02049, 1.04 
-15.87583, -48.00863, 1.04 
-15.79338, -48.04119, 1.04 
-15.84117, -48.04267, 1.04 
-15.8108, -48.07533, 1.04 
-15.82195, -48.08174, 1.04 
-15.90606, -48.048, 1.04 
-15.8015, -48.09647, 1.04 
-15.90501, -48.06, 1.04 
-15.83636, -48.11453, 1.04 
-15.80811, -48.14547, 1.04 
-16.02725, -47.97939, 1.04 
-16.02698, -48.05818, 1.04 
-16.011, -48.08125, 1.04 
-15.78895, -47.87944, 1.03 
-15.80442, -47.88461, 1.03 
-15.77731, -47.88261, 1.03 
-15.66019, -47.85453, 1.03 
-15.82519, -47.92739, 1.03 
-15.79319, -47.98142, 1.03 
-15.84483, -47.9735, 1.03 
-15.87969, -47.81019, 1.03 
-15.79113, -48.02777, 1.03 
-15.84224, -48.04632, 1.03 
-15.83586, -48.04954, 1.03 
-15.62286, -47.68031, 1.03 
-15.59947, -47.68586, 1.03 
-15.81633, -48.09442, 1.03 
-16.02739, -47.98306, 1.03 
-16.01732, -48.01797, 1.03 
-16.00703, -48.05489, 1.03 
-15.78526, -47.88794, 1.02 
-15.79781, -47.91692, 1.02 
-15.80224, -47.8695, 1.02 
-15.79686, -47.86706, 1.02 
-15.79728, -47.92606, 1.02 
-15.82331, -47.89967, 1.02 
-15.82338, -47.89959, 1.02 
-15.80053, -47.86192, 1.02 
-15.75775, -47.884, 1.02 
-15.73153, -47.86647, 1.02 
-15.74198, -47.90162, 1.02 
-15.8397, -47.91871, 1.02 
-15.7495, -47.77333, 1.02 
-15.74944, -47.76036, 1.02 
-15.86975, -47.92908, 1.02 
-15.77603, -47.7805, 1.02 
-15.83202, -48.0132, 1.02 
-15.84737, -48.04796, 1.02 
-15.86523, -48.08196, 1.02 
-15.81778, -48.10392, 1.02 
-15.91369, -48.06325, 1.02 
-15.69217, -47.83485, 1.01 
-15.80346, -47.89639, 1.01 
-15.80534, -47.90184, 1.01 
-15.81255, -47.91193, 1.01 
-15.82429, -47.93135, 1.01 
-15.78746, -47.83305, 1.01 
-15.75989, -47.83095, 1.01 
-15.70869, -47.91203, 1.01 
-15.64725, -47.76928, 1.01 
-15.64622, -47.76522, 1.01 
-15.86964, -47.92289, 1.01 
-15.8334, -48.0179, 1.01 
-15.86236, -48.02542, 1.01 
-15.83558, -48.05544, 1.01 
-15.60067, -47.68792, 1.01 
-15.87917, -48.06486, 1.01 
-15.9085, -48.06781, 1.01 
-15.67808, -48.20186, 1.01 
-15.79014, -47.8856, 1 
-15.72767, -47.84411, 1 
-15.79898, -47.86179, 1 
-15.81648, -47.91898, 1 
-15.74389, -47.85078, 1 
-15.73647, -47.89433, 1 
-15.8524, -47.91216, 1 
-15.78139, -47.78072, 1 
-15.87667, -48.05972, 1 
-15.84043, -48.12912, 1 
-15.79781, -48.13603, 1 
-15.78886, -47.88386, 0.99 
-15.78833, -47.88354, 0.99 
-15.79956, -47.88336, 0.99 
-15.79022, -47.91244, 0.99 
-15.76987, -47.8908, 0.99 
-15.77615, -47.87882, 0.99 
-15.77481, -47.87806, 0.99 
-15.81074, -47.90692, 0.99 
-15.81783, -47.90083, 0.99 
-15.7638, -47.88164, 0.99 
-15.7539, -47.88247, 0.99 
-15.78397, -47.93564, 0.99 
-15.83247, -47.92328, 0.99 
-15.79752, -47.9498, 0.99 
-15.80483, -47.94978, 0.99 
-15.85061, -47.87672, 0.99 
-15.6335, -47.81194, 0.99 
-15.85489, -47.84008, 0.99 
-15.74069, -47.75361, 0.99 
-15.78203, -47.77872, 0.99 
-15.80886, -48.03053, 0.99 
-15.88617, -48.01625, 0.99 
-15.83711, -48.05318, 0.99 
-15.90314, -47.77361, 0.99 
-15.82385, -48.09525, 0.99 
-15.6212, -47.64405, 0.99 
-15.90882, -48.08928, 0.99 
-15.88767, -48.11229, 0.99 
-15.78883, -47.88203, 0.98 
-15.80342, -47.88506, 0.98 
-15.83597, -47.88079, 0.98 
-15.84286, -47.87564, 0.98 
-15.83666, -47.83515, 0.98 
-15.83715, -48.02869, 0.98 
-15.62208, -47.67939, 0.98 
-15.8119, -48.07375, 0.98 
-15.88075, -48.07088, 0.98 
-15.6415, -47.63978, 0.98 
-15.82866, -48.10251, 0.98 
-15.89336, -48.11869, 0.98 
-16.03842, -48.03353, 0.98 
-16.02691, -48.05662, 0.98 
-16.02719, -48.05666, 0.98 
-15.66358, -48.19803, 0.98 
-15.66128, -48.19959, 0.98 
-15.80476, -47.89188, 0.97 
-15.77697, -47.88789, 0.97 
-15.81453, -47.88735, 0.97 
-15.80121, -47.86922, 0.97 
-15.78225, -47.93622, 0.97 
-15.83075, -47.90308, 0.97 
-15.82867, -47.91361, 0.97 
-15.84272, -47.87792, 0.97 
-15.82699, -47.98236, 0.97 
-15.83884, -47.98139, 0.97 
-15.88622, -47.98133, 0.97 
-15.92928, -47.94867, 0.97 
-15.83683, -48.05436, 0.97 
-15.8267, -48.05815, 0.97 
-15.61961, -47.65422, 0.97 
-15.80797, -48.10379, 0.97 
-15.99456, -47.986, 0.97 
-15.82706, -48.13211, 0.97 
-15.78736, -47.88236, 0.96 
-15.79164, -47.87911, 0.96 
-15.80013, -47.88199, 0.96 
-15.78722, -47.87856, 0.96 
-15.804, -47.88377, 0.96 
-15.77656, -47.90935, 0.96 
-15.77342, -47.87738, 0.96 
-15.71077, -47.80843, 0.96 
-15.72836, -47.84311, 0.96 
-15.818, -47.87594, 0.96 
-15.74247, -47.85114, 0.96 
-15.84694, -47.89583, 0.96 
-15.74527, -47.74986, 0.96 
-15.87822, -47.81208, 0.96 
-15.8031, -48.02805, 0.96 
-15.83697, -48.03683, 0.96 
-15.86253, -48.02858, 0.96 
-15.89316, -48.146, 0.96 
-16.02272, -48.06786, 0.96 
-15.69058, -47.83447, 0.95 
-15.80369, -47.89194, 0.95 
-15.80474, -47.89762, 0.95 
-15.78283, -47.87683, 0.95 
-15.77132, -47.88521, 0.95 
-15.77209, -47.86742, 0.95 
-15.80133, -47.8615, 0.95 
-15.81674, -47.91997, 0.95 
-15.74758, -47.88419, 0.95 
-15.82694, -47.93244, 0.95 
-15.75783, -47.83206, 0.95 
-15.85462, -47.90205, 0.95 
-15.71163, -47.89958, 0.95 
-15.8575, -47.90967, 0.95 
-15.70603, -47.91225, 0.95 
-15.85161, -47.96522, 0.95 
-15.85861, -47.9993, 0.95 
-15.8416, -48.02063, 0.95 
-15.83796, -48.03793, 0.95 
-15.93178, -47.97736, 0.95 
-15.5993, -47.68553, 0.95 
-15.9, -48.04717, 0.95 
-15.79707, -47.89028, 0.94 
-15.79663, -47.88403, 0.94 
-15.77779, -47.88945, 0.94 
-15.77789, -47.88882, 0.94 
-15.79522, -47.87504, 0.94 
-15.77114, -47.88455, 0.94 
-15.76317, -47.88303, 0.94 
-15.80742, -47.92944, 0.94 
-15.82955, -47.88975, 0.94 
-15.78431, -47.93672, 0.94 
-15.79525, -47.94032, 0.94 
-15.74244, -47.88944, 0.94 
-15.75071, -47.8318, 0.94 
-15.74939, -47.77147, 0.94 
-15.64497, -47.76933, 0.94 
-15.74, -47.75139, 0.94 
-15.85883, -47.83083, 0.94 
-15.78124, -47.99432, 0.94 
-15.87259, -47.97466, 0.94 
-15.8417, -48.02652, 0.94 
-15.61244, -47.69494, 0.94 
-15.81917, -48.06531, 0.94 
-15.82897, -48.07837, 0.94 
-15.82746, -48.07981, 0.94 
-15.82875, -48.10162, 0.94 
-15.96597, -48.02603, 0.94 
-15.79348, -48.12291, 0.94 
-16.00122, -48.05408, 0.94 
-16.01683, -48.06719, 0.94 
-15.6924, -47.82758, 0.93 
-15.7989, -47.89471, 0.93 
-15.78839, -47.88204, 0.93 
-15.79092, -47.88048, 0.93 
-15.80582, -47.88337, 0.93 
-15.78897, -47.87377, 0.93 
-15.82231, -47.91808, 0.93 
-15.75349, -47.88105, 0.93 
-15.7529, -47.88153, 0.93 
-15.78665, -47.85248, 0.93 
-15.66147, -47.85408, 0.93 
-15.79958, -47.84508, 0.93 
-15.73808, -47.89775, 0.93 
-15.84596, -47.89403, 0.93 
-15.72306, -47.88667, 0.93 
-15.86583, -47.7825, 0.93 
-15.84283, -48.02314, 0.93 
-15.84197, -48.04206, 0.93 
-15.84258, -48.04401, 0.93 
-15.86432, -48.03646, 0.93 
-15.89627, -47.77483, 0.93 
-15.84781, -48.04869, 0.93 
-15.83681, -48.05437, 0.93 
-15.62219, -47.65525, 0.93 
-15.91339, -48.06339, 0.93 
-15.81628, -48.10831, 0.93 
-15.80472, -48.12469, 0.93 
-15.78581, -48.13944, 0.93 
-16.01106, -48.00808, 0.93 
-15.78678, -47.87156, 0.92 
-15.81828, -47.90636, 0.92 
-15.81774, -47.91311, 0.92 
-15.80878, -47.94291, 0.92 
-15.71728, -47.88511, 0.92 
-15.84874, -47.88544, 0.92 
-15.79297, -47.9787, 0.92 
-15.77464, -47.77928, 0.92 
-15.83915, -47.98005, 0.92 
-15.80317, -48.01939, 0.92 
-15.83265, -48.01573, 0.92 
-15.87705, -47.80294, 0.92 
-15.84446, -48.02709, 0.92 
-15.79456, -48.0405, 0.92 
-15.86279, -48.02642, 0.92 
-15.86331, -48.02711, 0.92 
-15.81842, -48.06294, 0.92 
-15.62139, -47.67997, 0.92 
-15.61525, -47.63625, 0.92 
-15.80528, -47.89278, 0.91 
-15.77689, -47.88708, 0.91 
-15.79543, -47.87163, 0.91 
-15.81233, -47.90394, 0.91 
-15.8015, -47.86786, 0.91 
-15.79672, -47.93461, 0.91 
-15.69659, -47.87422, 0.91 
-15.66162, -47.85396, 0.91 
-15.83892, -47.91981, 0.91 
-15.72153, -47.88725, 0.91 
-15.64169, -47.82272, 0.91 
-15.84017, -47.83169, 0.91 
-15.64828, -47.76517, 0.91 
-15.7495, -47.75861, 0.91 
-15.83264, -48.01404, 0.91 
-15.85105, -48.05947, 0.91 
-15.82109, -48.08197, 0.91 
-15.90347, -48.06008, 0.91 
-15.82747, -48.10609, 0.91 
-15.83525, -48.1135, 0.91 
-16.01006, -48.08069, 0.91 
-15.80661, -47.89942, 0.9 
-15.80464, -47.88197, 0.9 
-15.79049, -47.91999, 0.9 
-15.759652, -47.865373, 0.9 
-15.82198, -47.92496, 0.9 
-15.82368, -47.92736, 0.9 
-15.722, -47.887, 0.9 
-15.74297, -47.76076, 0.9 
-15.77936, -47.78061, 0.9 
-15.84033, -47.98555, 0.9 
-15.84045, -48.03496, 0.9 
-15.90036, -47.78331, 0.9 
-15.82208, -48.08094, 0.9 
-15.91817, -48.05345, 0.9 
-15.83462, -48.11142, 0.9 
-15.84083, -48.13186, 0.9 
-16.00984, -48.07687, 0.9 
-15.77122, -47.89057, 0.89 
-15.77194, -47.86961, 0.89 
-15.82158, -47.89994, 0.89 
-15.82369, -47.90014, 0.89 
-15.82372, -47.90014, 0.89 
-15.69586, -47.87227, 0.89 
-15.76458, -47.93455, 0.89 
-15.75328, -47.84239, 0.89 
-15.8459, -47.92206, 0.89 
-15.84022, -47.97919, 0.89 
-15.83903, -47.98614, 0.89 
-15.87875, -47.82369, 0.89 
-15.88607, -47.98288, 0.89 
-15.83906, -47.74589, 0.89 
-15.91731, -48.05212, 0.89 
-15.79639, -48.13, 0.89 
-15.80681, -48.15253, 0.89 
-16.00994, -48.08053, 0.89 
-15.76946, -47.89244, 0.88 
-15.80899, -47.90645, 0.88 
-15.81031, -47.907, 0.88 
-15.79758, -47.92344, 0.88 
-15.82072, -47.90708, 0.88 
-15.79264, -47.93122, 0.88 
-15.78419, -47.93176, 0.88 
-15.75742, -47.87867, 0.88 
-15.82249, -47.92472, 0.88 
-15.78649, -47.85047, 0.88 
-15.63842, -47.84604, 0.88 
-15.86498, -47.86611, 0.88 
-15.85342, -47.84336, 0.88 
-15.8017, -47.99781, 0.88 
-15.80312, -48.03349, 0.88 
-15.80172, -48.07386, 0.88 
-15.64117, -47.65131, 0.88 
-15.62083, -47.65533, 0.88 
-15.83031, -48.10225, 0.88 
-15.87783, -48.09794, 0.88 
-15.81647, -48.12256, 0.88 
-15.80422, -48.12697, 0.88 
-15.82886, -48.13192, 0.88 
-15.78933, -47.87887, 0.87 
-15.80864, -47.89251, 0.87 
-15.77144, -47.89169, 0.87 
-15.80803, -47.90731, 0.87 
-15.80011, -47.86614, 0.87 
-15.82872, -47.90472, 0.87 
-15.82217, -47.92558, 0.87 
-15.82629, -47.92897, 0.87 
-15.64733, -47.82316, 0.87 
-15.83582, -47.86707, 0.87 
-15.73644, -47.89483, 0.87 
-15.81306, -47.83811, 0.87 
-15.81447, -47.9775, 0.87 
-15.77075, -47.77814, 0.87 
-15.865, -47.96167, 0.87 
-15.87166, -47.96558, 0.87 
-15.8593, -47.97994, 0.87 
-15.80318, -48.02299, 0.87 
-15.80878, -48.031, 0.87 
-15.90842, -47.76208, 0.87 
-15.81171, -48.08264, 0.87 
-15.8785, -48.06361, 0.87 
-15.62214, -47.65653, 0.87 
-15.64156, -47.64164, 0.87 
-15.81753, -48.10533, 0.87 
-15.89128, -48.095, 0.87 
-16.01214, -48.082, 0.87 
-15.80573, -47.88199, 0.86 
-15.76447, -47.89374, 0.86 
-15.82581, -47.92281, 0.86 
-15.7445, -47.88756, 0.86 
-15.83686, -47.88172, 0.86 
-15.74382, -47.85274, 0.86 
-15.83865, -47.91957, 0.86 
-15.84494, -47.92092, 0.86 
-15.64839, -47.79272, 0.86 
-15.80931, -47.83042, 0.86 
-15.83446, -47.83231, 0.86 
-15.74923, -47.77258, 0.86 
-15.73814, -47.75328, 0.86 
-15.74953, -47.75861, 0.86 
-15.87894, -47.80467, 0.86 
-15.88467, -47.98319, 0.86 
-15.83769, -48.02331, 0.86 
-15.84153, -48.02486, 0.86 
-15.91871, -47.96586, 0.86 
-15.92075, -47.96672, 0.86 
-15.88283, -48.01517, 0.86 
-15.84154, -48.04438, 0.86 
-15.79962, -48.06449, 0.86 
-15.79981, -48.09908, 0.86 
-15.83769, -48.09993, 0.86 
-15.9093, -48.06753, 0.86 
-15.83655, -48.10165, 0.86 
-15.88042, -48.09292, 0.86 
-15.84723, -48.10778, 0.86 
-15.82084, -48.11492, 0.86 
-16.01858, -48.05297, 0.86 
-16.01106, -48.08083, 0.86 
-15.79758, -47.88736, 0.85 
-15.78882, -47.88226, 0.85 
-15.79043, -47.88096, 0.85 
-15.79869, -47.87894, 0.85 
-15.78464, -47.87692, 0.85 
-15.80482, -47.88273, 0.85 
-15.81075, -47.90375, 0.85 
-15.76967, -47.88072, 0.85 
-15.79708, -47.86642, 0.85 
-15.7543, -47.88043, 0.85 
-15.82981, -47.90609, 0.85 
-15.81808, -47.85942, 0.85 
-15.73542, -47.87281, 0.85 
-15.81237, -47.83835, 0.85 
-15.80419, -47.95658, 0.85 
-15.85141, -47.91108, 0.85 
-15.85141, -47.87669, 0.85 
-15.84088, -47.95079, 0.85 
-15.76324, -47.78451, 0.85 
-15.86961, -47.93147, 0.85 
-15.59719, -47.86717, 0.85 
-15.89853, -47.92041, 0.85 
-15.83675, -48.02517, 0.85 
-15.86667, -47.78, 0.85 
-15.8472, -48.03322, 0.85 
-15.79578, -48.05314, 0.85 
-15.86238, -48.03484, 0.85 
-15.84142, -48.0455, 0.85 
-15.89958, -47.78053, 0.85 
-15.83244, -48.0543, 0.85 
-15.90242, -47.77453, 0.85 
-15.82967, -48.05844, 0.85 
-15.86338, -48.07822, 0.85 
-15.91739, -48.05097, 0.85 
-15.81742, -48.11772, 0.85 
-15.80771, -48.12252, 0.85 
-15.7965, -48.15014, 0.85 
-16.02289, -47.98419, 0.85 
-16.02406, -47.98475, 0.85 
-16.01754, -48.05172, 0.85 
-16.01106, -48.07685, 0.85 
-15.80558, -47.89731, 0.84 
-15.79278, -47.91194, 0.84 
-15.79349, -47.91762, 0.84 
-15.76367, -47.89267, 0.84 
-15.79314, -47.8658, 0.84 
-15.79889, -47.86336, 0.84 
-15.81906, -47.91244, 0.84 
-15.79164, -47.85792, 0.84 
-15.79986, -47.84675, 0.84 
-15.80006, -47.84553, 0.84 
-15.84422, -47.89501, 0.84 
-15.85308, -47.90178, 0.84 
-15.81081, -47.95822, 0.84 
-15.85089, -47.95124, 0.84 
-15.64585, -47.76695, 0.84 
-15.73963, -47.75281, 0.84 
-15.81037, -47.99137, 0.84 
-15.84308, -48.04841, 0.84 
-15.80214, -48.06478, 0.84 
-15.87189, -48.05838, 0.84 
-15.80987, -48.07895, 0.84 
-15.61492, -47.63561, 0.84 
-15.79291, -48.12261, 0.84 
-15.79811, -48.13172, 0.84 
-16.00856, -48.05658, 0.84 
-16.01078, -48.05356, 0.84 
-15.67808, -48.20325, 0.84 
-15.66329, -48.19949, 0.84 
-15.69228, -47.83475, 0.83 
-15.78096, -47.88636, 0.83 
-15.79988, -47.88298, 0.83 
-15.77653, -47.91325, 0.83 
-15.80992, -47.90731, 0.83 
-15.75814, -47.89524, 0.83 
-15.79306, -47.85669, 0.83 
-15.8045, -47.84482, 0.83 
-15.83267, -47.92443, 0.83 
-15.74972, -47.84383, 0.83 
-15.79769, -47.94879, 0.83 
-15.71445, -47.89972, 0.83 
-15.87472, -47.80267, 0.83 
-15.7945, -48.038, 0.83 
-15.8446, -48.03118, 0.83 
-15.86469, -48.02786, 0.83 
-15.90086, -48.04831, 0.83 
-15.87742, -48.06861, 0.83 
-15.80114, -48.12016, 0.83 
-16.00672, -48.05646, 0.83 
-16.01709, -48.06924, 0.83 
-15.67811, -48.20369, 0.83 
-15.79712, -47.88729, 0.82 
-15.7893, -47.88301, 0.82 
-15.80683, -47.88358, 0.82 
-15.80248, -47.92639, 0.82 
-15.78433, -47.93385, 0.82 
-15.75394, -47.88257, 0.82 
-15.74381, -47.85278, 0.82 
-15.75922, -47.83144, 0.82 
-15.64372, -47.802, 0.82 
-15.85227, -47.91058, 0.82 
-15.70732, -47.91047, 0.82 
-15.86806, -47.96139, 0.82 
-15.8976, -47.91975, 0.82 
-15.85864, -47.99933, 0.82 
-15.87722, -47.80378, 0.82 
-15.79147, -48.02622, 0.82 
-15.89331, -47.80253, 0.82 
-15.88164, -48.01435, 0.82 
-15.83661, -48.05825, 0.82 
-15.87467, -48.05779, 0.82 
-15.83228, -48.08922, 0.82 
-15.78728, -48.12441, 0.82 
-16.01678, -48.05322, 0.82 
-15.79878, -47.88561, 0.81 
-15.78811, -47.87974, 0.81 
-15.79991, -47.88296, 0.81 
-15.80581, -47.89172, 0.81 
-15.68186, -47.83514, 0.81 
-15.81688, -47.88797, 0.81 
-15.81869, -47.89564, 0.81 
-15.72542, -47.84575, 0.81 
-15.8188, -47.90854, 0.81 
-15.79731, -47.92875, 0.81 
-15.80192, -47.86247, 0.81 
-15.75367, -47.88185, 0.81 
-15.74181, -47.85319, 0.81 
-15.7392, -47.90014, 0.81 
-15.74497, -47.92206, 0.81 
-15.73986, -47.86636, 0.81 
-15.80401, -47.95021, 0.81 
-15.75139, -47.81306, 0.81 
-15.85956, -47.91817, 0.81 
-15.85522, -47.8532, 0.81 
-15.7614, -47.78386, 0.81 
-15.88656, -47.98431, 0.81 
-15.83735, -48.051, 0.81 
-15.82785, -48.08086, 0.81 
-15.89231, -48.14653, 0.81 
-15.79913, -47.8929, 0.8 
-15.80618, -47.88249, 0.8 
-15.77127, -47.88473, 0.8 
-15.79949, -47.86522, 0.8 
-15.71867, -47.88747, 0.8 
-15.75782, -47.83203, 0.8 
-15.6377, -47.84525, 0.8 
-15.76856, -47.83261, 0.8 
-15.85831, -47.91928, 0.8 
-15.83518, -47.83362, 0.8 
-15.86969, -47.93539, 0.8 
-15.80333, -48.02042, 0.8 
-15.83594, -48.01917, 0.8 
-15.90622, -47.95197, 0.8 
-15.87319, -48.057, 0.8 
-15.80889, -48.09369, 0.8 
-15.87924, -48.07367, 0.8 
-15.91846, -48.05449, 0.8 
-15.80277, -48.12038, 0.8 
-15.90922, -48.08728, 0.8 
-15.8498, -48.11892, 0.8 
-16.0336, -48.03399, 0.8 
-15.8067, -47.8889, 0.79 
-15.77402, -47.87772, 0.79 
-15.7973, -47.86739, 0.79 
-15.81275, -47.91232, 0.79 
-15.81263, -47.91384, 0.79 
-15.81831, -47.91425, 0.79 
-15.81768, -47.91806, 0.79 
-15.75738, -47.88276, 0.79 
-15.75374, -47.89216, 0.79 
-15.7237, -47.86793, 0.79 
-15.82975, -47.93416, 0.79 
-15.65164, -47.79317, 0.79 
-15.84916, -47.94919, 0.79 
-15.87088, -47.92179, 0.79 
-15.79099, -47.98812, 0.79 
-15.78053, -47.99364, 0.79 
-15.8415, -48.02767, 0.79 
-15.86407, -48.02622, 0.79 
-15.60077, -47.68629, 0.79 
-15.79875, -47.88825, 0.78 
-15.79053, -47.88353, 0.78 
-15.79103, -47.88264, 0.78 
-15.7773, -47.88252, 0.78 
-15.80929, -47.89381, 0.78 
-15.77445, -47.87816, 0.78 
-15.76532, -47.88625, 0.78 
-15.79603, -47.86678, 0.78 
-15.77206, -47.86961, 0.78 
-15.80406, -47.86132, 0.78 
-15.82376, -47.92556, 0.78 
-15.64689, -47.82353, 0.78 
-15.74089, -47.86894, 0.78 
-15.73522, -47.89597, 0.78 
-15.65212, -47.79225, 0.78 
-15.64419, -47.80254, 0.78 
-15.64892, -47.78119, 0.78 
-15.70867, -47.91025, 0.78 
-15.76547, -47.78016, 0.78 
-15.82192, -47.98981, 0.78 
-15.88739, -48.01579, 0.78 
-15.84694, -48.04965, 0.78 
-15.80889, -48.06367, 0.78 
-15.62155, -47.68037, 0.78 
-15.82232, -48.06401, 0.78 
-15.80314, -48.07204, 0.78 
-15.8262, -48.08733, 0.78 
-15.87219, -48.07472, 0.78 
-15.90967, -48.06744, 0.78 
-15.91533, -48.06456, 0.78 
-15.84422, -48.11575, 0.78 
-15.813, -48.12909, 0.78 
-15.80858, -48.15344, 0.78 
-16.02844, -48.05545, 0.78 
-16.03347, -48.06532, 0.78 
-15.80434, -47.90149, 0.77 
-15.77792, -47.87428, 0.77 
-15.78371, -47.9264, 0.77 
-15.82436, -47.88547, 0.77 
-15.8292, -47.90357, 0.77 
-15.78469, -47.93694, 0.77 
-15.79159, -47.84711, 0.77 
-15.74258, -47.90038, 0.77 
-15.65833, -47.80361, 0.77 
-15.64957, -47.82382, 0.77 
-15.76056, -47.83186, 0.77 
-15.80846, -47.83157, 0.77 
-15.82375, -47.98228, 0.77 
-15.87961, -47.81149, 0.77 
-15.87926, -48.01819, 0.77 
-15.89664, -47.7759, 0.77 
-15.82791, -48.05822, 0.77 
-15.93136, -47.98014, 0.77 
-15.90697, -47.76089, 0.77 
-15.89978, -48.04833, 0.77 
-15.87705, -48.06994, 0.77 
-15.81663, -48.0953, 0.77 
-15.79269, -48.10531, 0.77 
-15.8186, -48.10374, 0.77 
-16.01136, -48.00842, 0.77 
-15.66467, -48.20025, 0.77 
-15.98114, -47.59331, 0.77 
-15.79812, -47.88504, 0.76 
-15.80575, -47.88821, 0.76 
-15.81812, -47.88902, 0.76 
-15.80958, -47.86767, 0.76 
-15.81872, -47.87406, 0.76 
-15.80103, -47.93292, 0.76 
-15.66153, -47.83756, 0.76 
-15.76375, -47.86658, 0.76 
-15.82655, -47.87412, 0.76 
-15.79207, -47.84973, 0.76 
-15.74383, -47.90097, 0.76 
-15.80066, -47.84697, 0.76 
-15.82293, -47.93097, 0.76 
-15.74114, -47.86694, 0.76 
-15.75919, -47.83147, 0.76 
-15.63792, -47.84783, 0.76 
-15.84368, -47.85431, 0.76 
-15.85914, -47.93181, 0.76 
-15.86684, -47.96032, 0.76 
-15.85178, -47.81386, 0.76 
-15.89996, -47.9227, 0.76 
-15.81636, -48.01543, 0.76 
-15.83476, -48.01725, 0.76 
-15.83844, -48.03808, 0.76 
-15.79447, -48.05031, 0.76 
-15.84203, -48.04342, 0.76 
-15.84214, -48.04522, 0.76 
-15.83608, -48.05508, 0.76 
-15.80528, -48.06681, 0.76 
-15.90978, -47.75983, 0.76 
-15.82594, -48.07937, 0.76 
-15.82972, -48.10352, 0.76 
-15.61469, -47.63597, 0.76 
-15.847, -48.10581, 0.76 
-15.91067, -48.08814, 0.76 
-15.7864, -48.12665, 0.76 
-15.92515, -48.10568, 0.76 
-15.69304, -47.82566, 0.75 
-15.79803, -47.88753, 0.75 
-15.80686, -47.88666, 0.75 
-15.78681, -47.86992, 0.75 
-15.72619, -47.84428, 0.75 
-15.72761, -47.84378, 0.75 
-15.83217, -47.92429, 0.75 
-15.81577, -47.84422, 0.75 
-15.85088, -47.87735, 0.75 
-15.74892, -47.77177, 0.75 
-15.86977, -47.93006, 0.75 
-15.82231, -48.0343, 0.75 
-15.83676, -48.03184, 0.75 
-15.84139, -48.0345, 0.75 
-15.85814, -48.04516, 0.75 
-15.83575, -48.05535, 0.75 
-15.87351, -48.07163, 0.75 
-15.82477, -48.08977, 0.75 
-15.91419, -48.06364, 0.75 
-15.84138, -48.1305, 0.75 
-15.79911, -48.13641, 0.75 
-15.79501, -48.14537, 0.75 
-16.00881, -48.07608, 0.75 
-16.02746, -48.05661, 0.75 
-15.78617, -47.88156, 0.74 
-15.80064, -47.88265, 0.74 
-15.80611, -47.89167, 0.74 
-15.80999, -47.89946, 0.74 
-15.81317, -47.88619, 0.74 
-15.72636, -47.84264, 0.74 
-15.81703, -47.91033, 0.74 
-15.80894, -47.93178, 0.74 
-15.80968, -47.94404, 0.74 
-15.661, -47.79653, 0.74 
-15.83441, -47.92381, 0.74 
-15.84086, -47.87714, 0.74 
-15.73637, -47.89562, 0.74 
-15.71183, -47.90114, 0.74 
-15.74972, -47.77281, 0.74 
-15.86456, -47.86533, 0.74 
-15.79297, -47.97985, 0.74 
-15.86942, -47.93306, 0.74 
-15.81973, -47.80929, 0.74 
-15.85733, -47.83231, 0.74 
-15.82477, -47.98289, 0.74 
-15.80878, -48.02781, 0.74 
-15.83947, -48.02095, 0.74 
-15.80711, -48.04269, 0.74 
-15.87075, -47.76739, 0.74 
-15.83861, -48.03942, 0.74 
-15.83825, -48.04896, 0.74 
-15.81072, -48.06316, 0.74 
-15.82728, -48.10572, 0.74 
-15.79789, -48.13319, 0.74 
-15.82815, -48.1313, 0.74 
-16.00292, -47.56139, 0.74 
-15.78052, -47.88821, 0.73 
-15.76694, -47.86921, 0.73 
-15.74573, -47.89917, 0.73 
-15.83092, -47.87429, 0.73 
-15.80451, -47.84569, 0.73 
-15.84342, -47.89699, 0.73 
-15.64364, -47.82358, 0.73 
-15.80711, -47.83108, 0.73 
-15.86861, -47.87889, 0.73 
-15.77078, -47.77847, 0.73 
-15.81058, -47.79811, 0.73 
-15.84594, -47.98483, 0.73 
-15.87323, -47.97417, 0.73 
-15.88876, -47.96183, 0.73 
-15.81051, -48.02937, 0.73 
-15.86694, -47.78139, 0.73 
-15.83389, -48.03472, 0.73 
-15.92653, -47.94836, 0.73 
-15.83567, -48.03858, 0.73 
-15.87086, -47.76858, 0.73 
-15.86979, -48.02611, 0.73 
-15.84178, -48.04226, 0.73 
-15.89769, -47.78311, 0.73 
-15.67633, -47.65497, 0.73 
-15.83737, -48.0915, 0.73 
-15.83866, -48.09454, 0.73 
-15.61422, -47.64494, 0.73 
-15.84322, -48.11571, 0.73 
-15.85667, -47.62283, 0.73 
-15.78846, -47.88256, 0.72 
-15.78659, -47.88222, 0.72 
-15.77968, -47.88299, 0.72 
-15.801, -47.88198, 0.72 
-15.77694, -47.91169, 0.72 
-15.79217, -47.86794, 0.72 
-15.74783, -47.88425, 0.72 
-15.74558, -47.89975, 0.72 
-15.82558, -47.95223, 0.72 
-15.81231, -47.98603, 0.72 
-15.81025, -47.80203, 0.72 
-15.88743, -47.96477, 0.72 
-15.88644, -47.98422, 0.72 
-15.61831, -47.95075, 0.72 
-15.83775, -48.03883, 0.72 
-15.94355, -47.98243, 0.72 
-15.61969, -47.65514, 0.72 
-15.89297, -48.12053, 0.72 
-15.67054, -48.13927, 0.72 
-16.00503, -48.05642, 0.72 
-16.02125, -48.06731, 0.72 
-15.77737, -47.88307, 0.71 
-15.80714, -47.90606, 0.71 
-15.80831, -47.90525, 0.71 
-15.77578, -47.87757, 0.71 
-15.71233, -47.80787, 0.71 
-15.81678, -47.88975, 0.71 
-15.76572, -47.88358, 0.71 
-15.8094, -47.8691, 0.71 
-15.82238, -47.89959, 0.71 
-15.80436, -47.86335, 0.71 
-15.82376, -47.92068, 0.71 
-15.82631, -47.92256, 0.71 
-15.79617, -47.94247, 0.71 
-15.83419, -47.86725, 0.71 
-15.73842, -47.88769, 0.71 
-15.82819, -47.93482, 0.71 
-15.73583, -47.89567, 0.71 
-15.63819, -47.84747, 0.71 
-15.85133, -47.95117, 0.71 
-15.85447, -47.84228, 0.71 
-15.86953, -47.92197, 0.71 
-15.81281, -47.98425, 0.71 
-15.88752, -47.96195, 0.71 
-15.8719, -47.99068, 0.71 
-15.88606, -47.98149, 0.71 
-15.88042, -48.01822, 0.71 
-15.86917, -48.03708, 0.71 
-15.82561, -48.057, 0.71 
-15.82364, -48.06053, 0.71 
-15.80016, -48.09741, 0.71 
-15.95048, -48.0392, 0.71 
-15.82429, -48.11802, 0.71 
-15.99783, -47.98533, 0.71 
-15.78523, -48.1343, 0.71 
-16.00498, -48.05644, 0.71 
-16.00894, -48.07845, 0.71 
-15.78561, -47.90181, 0.7 
-15.79733, -47.88287, 0.7 
-15.80617, -47.88838, 0.7 
-15.80596, -47.90249, 0.7 
-15.79919, -47.87739, 0.7 
-15.8059, -47.88267, 0.7 
-15.80829, -47.88681, 0.7 
-15.81147, -47.89922, 0.7 
-15.75519, -47.89681, 0.7 
-15.66136, -47.83825, 0.7 
-15.8089, -47.93233, 0.7 
-15.74445, -47.88762, 0.7 
-15.7434, -47.88782, 0.7 
-15.72065, -47.88054, 0.7 
-15.75258, -47.84501, 0.7 
-15.74717, -47.76939, 0.7 
-15.82982, -47.81468, 0.7 
-15.77767, -47.78119, 0.7 
-15.87636, -47.80359, 0.7 
-15.83688, -48.02635, 0.7 
-15.79453, -48.03722, 0.7 
-15.82872, -48.05886, 0.7 
-15.5997, -47.68692, 0.7 
-15.8775, -48.05833, 0.7 
-15.87456, -48.07489, 0.7 
-15.64058, -47.64001, 0.7 
-15.9017, -48.06147, 0.7 
-15.8635, -48.08886, 0.7 
-15.87717, -48.09944, 0.7 
-15.84919, -48.11792, 0.7 
-16.00489, -48.00228, 0.7 
-15.69214, -47.82595, 0.69 
-15.68999, -47.83432, 0.69 
-15.80461, -47.89064, 0.69 
-15.77744, -47.88406, 0.69 
-15.78856, -47.87408, 0.69 
-15.79126, -47.91919, 0.69 
-15.81064, -47.86645, 0.69 
-15.76983, -47.86614, 0.69 
-15.75301, -47.89314, 0.69 
-15.66172, -47.85306, 0.69 
-15.75943, -47.93188, 0.69 
-15.8365, -47.86839, 0.69 
-15.71603, -47.88681, 0.69 
-15.6396, -47.84596, 0.69 
-15.71283, -47.89781, 0.69 
-15.8102, -47.80199, 0.69 
-15.84607, -48.02468, 0.69 
-15.83196, -48.08808, 0.69 
-15.81067, -48.09314, 0.69 
-15.61317, -47.65068, 0.69 
-15.81439, -48.10575, 0.69 
-15.82312, -48.11557, 0.69 
-15.8451, -48.11421, 0.69 
-15.84247, -48.13038, 0.69 
-16.04301, -48.25673, 0.69 
-15.77049, -47.89192, 0.68 
-15.79042, -47.87067, 0.68 
-15.7667, -47.88055, 0.68 
-15.79711, -47.867, 0.68 
-15.72646, -47.84431, 0.68 
-15.79739, -47.92528, 0.68 
-15.75756, -47.89883, 0.68 
-15.80164, -47.86081, 0.68 
-15.76936, -47.86314, 0.68 
-15.7505, -47.88094, 0.68 
-15.661, -47.85281, 0.68 
-15.71958, -47.88511, 0.68 
-15.73501, -47.90381, 0.68 
-15.86319, -47.86564, 0.68 
-15.8475, -47.98047, 0.68 
-15.86978, -47.96511, 0.68 
-15.84091, -48.03619, 0.68 
-15.80342, -48.06864, 0.68 
-15.62631, -47.65903, 0.68 
-15.83286, -48.08814, 0.68 
-15.81617, -48.09684, 0.68 
-15.9135, -48.06283, 0.68 
-15.84488, -48.1155, 0.68 
-15.81317, -48.12235, 0.68 
-16.03089, -48.03353, 0.68 
-15.67944, -48.20433, 0.68 
-15.78361, -47.88239, 0.67 
-15.80972, -47.89335, 0.67 
-15.77142, -47.88939, 0.67 
-15.80722, -47.88264, 0.67 
-15.81136, -47.87006, 0.67 
-15.81663, -47.87457, 0.67 
-15.77111, -47.86451, 0.67 
-15.771, -47.86322, 0.67 
-15.82347, -47.91167, 0.67 
-15.82881, -47.91241, 0.67 
-15.76503, -47.859, 0.67 
-15.7502, -47.87919, 0.67 
-15.74775, -47.84628, 0.67 
-15.84115, -47.89734, 0.67 
-15.78953, -47.83186, 0.67 
-15.78763, -47.83183, 0.67 
-15.82312, -47.9563, 0.67 
-15.84586, -47.85447, 0.67 
-15.76063, -47.78436, 0.67 
-15.87697, -48.0079, 0.67 
-15.8232, -48.03675, 0.67 
-15.80339, -48.07378, 0.67 
-15.90767, -48.06806, 0.67 
-15.79893, -48.13552, 0.67 
-16.02531, -48.02628, 0.67 
-16.03224, -48.03198, 0.67 
-15.80123, -47.88284, 0.66 
-15.77256, -47.88508, 0.66 
-15.77964, -47.87436, 0.66 
-15.70972, -47.80742, 0.66 
-15.76697, -47.88203, 0.66 
-15.81725, -47.89556, 0.66 
-15.76687, -47.87961, 0.66 
-15.79711, -47.92575, 0.66 
-15.75683, -47.89366, 0.66 
-15.75994, -47.88006, 0.66 
-15.80881, -47.92879, 0.66 
-15.76167, -47.93534, 0.66 
-15.66214, -47.79911, 0.66 
-15.65782, -47.86271, 0.66 
-15.83808, -47.86672, 0.66 
-15.81317, -47.83936, 0.66 
-15.84858, -47.88568, 0.66 
-15.76606, -47.83275, 0.66 
-15.82333, -47.97445, 0.66 
-15.74789, -47.75986, 0.66 
-15.83753, -47.98647, 0.66 
-15.83842, -48.03036, 0.66 
-15.87355, -48.07342, 0.66 
-15.82617, -48.10478, 0.66 
-15.81611, -48.10678, 0.66 
-15.94679, -48.03699, 0.66 
-15.82227, -48.11521, 0.66 
-16.00975, -48.05305, 0.66 
-16.00711, -48.05756, 0.66 
-16.01744, -48.06311, 0.66 
-16.01784, -48.068, 0.66 
-15.78008, -47.87564, 0.65 
-15.80969, -47.90664, 0.65 
-15.77106, -47.88364, 0.65 
-15.79422, -47.86623, 0.65 
-15.7635, -47.88039, 0.65 
-15.79772, -47.92753, 0.65 
-15.81, -47.86731, 0.65 
-15.82767, -47.89, 0.65 
-15.78446, -47.85189, 0.65 
-15.79229, -47.84981, 0.65 
-15.83186, -47.9175, 0.65 
-15.74358, -47.89344, 0.65 
-15.73862, -47.9011, 0.65 
-15.8054, -47.8427, 0.65 
-15.83695, -47.86672, 0.65 
-15.84064, -47.91939, 0.65 
-15.81654, -47.84267, 0.65 
-15.6456, -47.78986, 0.65 
-15.86933, -47.93435, 0.65 
-15.80946, -47.80032, 0.65 
-15.84059, -48.02331, 0.65 
-15.841, -48.04258, 0.65 
-15.849, -48.04869, 0.65 
-15.83565, -48.05631, 0.65 
-15.83586, -48.05764, 0.65 
-15.79565, -48.10212, 0.65 
-15.82328, -48.11643, 0.65 
-15.82215, -48.11772, 0.65 
-15.85067, -48.12008, 0.65 
-15.80756, -48.14556, 0.65 
-16.03146, -48.03529, 0.65 
-16.027, -48.05787, 0.65 
-15.77226, -47.89215, 0.64 
-15.7976, -47.92349, 0.64 
-15.7999, -47.86674, 0.64 
-15.82255, -47.89925, 0.64 
-15.80104, -47.86324, 0.64 
-15.75536, -47.88136, 0.64 
-15.8231, -47.92638, 0.64 
-15.79553, -47.94358, 0.64 
-15.74309, -47.88897, 0.64 
-15.73977, -47.88935, 0.64 
-15.7395, -47.89254, 0.64 
-15.75029, -47.83476, 0.64 
-15.80419, -47.95617, 0.64 
-15.79057, -47.83007, 0.64 
-15.85536, -47.93319, 0.64 
-15.64657, -47.76843, 0.64 
-15.79114, -47.98203, 0.64 
-15.77936, -47.77939, 0.64 
-15.619, -47.94808, 0.64 
-15.87528, -48.00825, 0.64 
-15.80881, -48.04108, 0.64 
-15.86943, -48.02423, 0.64 
-15.83229, -48.08922, 0.64 
-15.602, -47.65375, 0.64 
-15.88432, -48.07887, 0.64 
-15.91442, -48.06156, 0.64 
-15.81658, -47.89847, 0.63 
-15.67093, -47.82355, 0.63 
-15.7555, -47.89822, 0.63 
-15.80006, -47.85969, 0.63 
-15.823, -47.9256, 0.63 
-15.84913, -47.88427, 0.63 
-15.78614, -47.83178, 0.63 
-15.804, -47.95833, 0.63 
-15.85091, -47.8764, 0.63 
-15.86019, -47.91694, 0.63 
-15.75976, -47.78526, 0.63 
-15.77197, -47.77967, 0.63 
-15.82469, -47.98413, 0.63 
-15.8796, -47.81326, 0.63 
-15.87861, -47.80444, 0.63 
-15.87625, -48.00789, 0.63 
-15.86005, -48.03406, 0.63 
-15.89565, -47.77632, 0.63 
-15.83625, -48.05756, 0.63 
-15.81337, -48.08386, 0.63 
-15.821, -48.08292, 0.63 
-15.96457, -47.81927, 0.63 
-15.87189, -48.074, 0.63 
-15.84524, -48.11662, 0.63 
-15.80153, -48.12804, 0.63 
-15.89469, -48.11981, 0.63 
-15.8945, -48.12981, 0.63 
-15.58147, -47.47722, 0.63 
-15.80436, -47.90084, 0.62 
-15.77886, -47.88422, 0.62 
-15.805, -47.882, 0.62 
-15.76931, -47.87927, 0.62 
-15.79693, -47.86701, 0.62 
-15.76259, -47.88874, 0.62 
-15.80867, -47.87153, 0.62 
-15.77033, -47.87022, 0.62 
-15.77217, -47.86692, 0.62 
-15.75686, -47.89797, 0.62 
-15.75675, -47.89619, 0.62 
-15.75986, -47.87786, 0.62 
-15.82892, -47.88919, 0.62 
-15.80889, -47.85925, 0.62 
-15.80989, -47.93092, 0.62 
-15.74864, -47.87894, 0.62 
-15.75797, -47.93119, 0.62 
-15.74894, -47.83281, 0.62 
-15.74711, -47.92117, 0.62 
-15.72042, -47.88767, 0.62 
-15.79069, -47.82989, 0.62 
-15.85377, -47.85342, 0.62 
-15.83302, -47.81463, 0.62 
-15.74397, -47.75086, 0.62 
-15.80505, -48.01812, 0.62 
-15.84242, -48.02172, 0.62 
-15.8675, -47.78222, 0.62 
-15.80325, -48.03539, 0.62 
-15.8367, -48.03953, 0.62 
-15.88221, -48.01566, 0.62 
-15.84081, -47.74619, 0.62 
-15.83725, -48.04978, 0.62 
-15.7978, -48.05889, 0.62 
-15.83166, -48.0546, 0.62 
-15.61166, -47.69371, 0.62 
-15.8112, -48.08458, 0.62 
-15.6155, -47.64303, 0.62 
-15.78517, -48.13908, 0.62 
-16.01743, -48.0526, 0.62 
-16.01242, -48.07033, 0.62 
-15.97883, -47.59189, 0.62 
-15.69382, -47.83396, 0.61 
-15.79025, -47.8835, 0.61 
-15.77365, -47.88774, 0.61 
-15.77705, -47.87865, 0.61 
-15.77467, -47.8703, 0.61 
-15.76238, -47.88998, 0.61 
-15.80934, -47.86931, 0.61 
-15.78177, -47.92867, 0.61 
-15.76244, -47.86661, 0.61 
-15.75072, -47.892, 0.61 
-15.76097, -47.93217, 0.61 
-15.75903, -47.93292, 0.61 
-15.65678, -47.80542, 0.61 
-15.84133, -47.89591, 0.61 
-15.64, -47.84633, 0.61 
-15.79123, -47.82882, 0.61 
-15.80331, -47.96456, 0.61 
-15.86229, -47.86205, 0.61 
-15.74378, -47.76071, 0.61 
-15.89462, -47.80195, 0.61 
-15.61901, -47.94807, 0.61 
-15.83756, -48.03022, 0.61 
-15.9183, -47.96484, 0.61 
-15.86571, -48.03872, 0.61 
-15.80144, -48.06531, 0.61 
-15.90772, -48.08967, 0.61 
-15.80121, -48.12997, 0.61 
-15.88897, -48.11164, 0.61 
-16.00736, -47.98566, 0.61 
-16.00281, -48.05153, 0.61 
-15.79033, -47.88292, 0.6 
-15.80581, -47.88786, 0.6 
-15.79134, -47.87655, 0.6 
-15.76997, -47.88561, 0.6 
-15.76441, -47.87982, 0.6 
-15.80736, -47.86561, 0.6 
-15.75732, -47.89615, 0.6 
-15.7827, -47.92869, 0.6 
-15.81648, -47.8676, 0.6 
-15.82984, -47.91286, 0.6 
-15.74394, -47.89475, 0.6 
-15.83547, -47.88137, 0.6 
-15.74219, -47.89908, 0.6 
-15.82531, -47.93102, 0.6 
-15.74851, -47.84477, 0.6 
-15.73294, -47.87456, 0.6 
-15.72028, -47.88422, 0.6 
-15.72167, -47.88719, 0.6 
-15.8461, -47.92441, 0.6 
-15.70615, -47.91235, 0.6 
-15.64553, -47.76906, 0.6 
-15.79356, -47.97929, 0.6 
-15.87008, -47.92289, 0.6 
-15.74941, -47.76027, 0.6 
-15.84623, -47.98003, 0.6 
-15.85956, -47.9786, 0.6 
-15.8998, -47.92025, 0.6 
-15.91036, -47.95286, 0.6 
-15.79319, -48.05241, 0.6 
-15.90294, -47.77545, 0.6 
-15.83556, -48.05661, 0.6 
-15.80124, -48.06701, 0.6 
-15.87806, -48.06567, 0.6 
-15.81182, -48.09423, 0.6 
-15.86442, -48.08275, 0.6 
-15.79504, -48.10302, 0.6 
-15.914, -48.06267, 0.6 
-15.87861, -48.10958, 0.6 
-15.78716, -47.87775, 0.59 
-15.79906, -47.87912, 0.59 
-15.80658, -47.88117, 0.59 
-15.81794, -47.89953, 0.59 
-15.79912, -47.86308, 0.59 
-15.80264, -47.86192, 0.59 
-15.82397, -47.88583, 0.59 
-15.77244, -47.86361, 0.59 
-15.76705, -47.86622, 0.59 
-15.79151, -47.85696, 0.59 
-15.82402, -47.91809, 0.59 
-15.73078, -47.86367, 0.59 
-15.65879, -47.86327, 0.59 
-15.64731, -47.82581, 0.59 
-15.84194, -47.87668, 0.59 
-15.82232, -47.95683, 0.59 
-15.74925, -47.77264, 0.59 
-15.85137, -47.84702, 0.59 
-15.84161, -47.83367, 0.59 
-15.87019, -47.92336, 0.59 
-15.814, -47.98333, 0.59 
-15.84667, -48.02259, 0.59 
-15.61781, -47.94714, 0.59 
-15.8205, -48.0365, 0.59 
-15.84141, -48.04584, 0.59 
-15.83659, -48.05098, 0.59 
-15.94179, -47.98054, 0.59 
-15.83611, -48.08697, 0.59 
-15.84009, -48.09264, 0.59 
-15.82353, -48.11692, 0.59 
-16.00611, -47.98511, 0.59 
-15.66312, -48.19963, 0.59 
-15.77188, -47.89183, 0.58 
-15.77565, -47.9074, 0.58 
-15.81078, -47.89439, 0.58 
-15.79882, -47.92434, 0.58 
-15.82326, -47.91191, 0.58 
-15.80767, -47.86097, 0.58 
-15.79925, -47.93569, 0.58 
-15.79196, -47.85099, 0.58 
-15.79422, -47.94189, 0.58 
-15.73165, -47.86498, 0.58 
-15.83125, -47.87325, 0.58 
-15.64931, -47.82368, 0.58 
-15.74216, -47.86635, 0.58 
-15.80297, -47.95692, 0.58 
-15.64986, -47.79428, 0.58 
-15.64842, -47.78853, 0.58 
-15.70542, -47.912, 0.58 
-15.86833, -47.92264, 0.58 
-15.81987, -47.81122, 0.58 
-15.81, -47.79883, 0.58 
-15.83796, -48.01266, 0.58 
-15.84229, -48.02258, 0.58 
-15.89906, -47.78229, 0.58 
-15.60086, -47.68628, 0.58 
-15.63928, -47.64125, 0.58 
-15.62238, -47.6434, 0.58 
-15.81756, -48.10594, 0.58 
-15.80146, -48.11244, 0.58 
-15.84136, -48.13048, 0.58 
-16.00687, -48.05648, 0.58 
-16.01044, -48.08192, 0.58 
-15.68266, -48.19587, 0.58 
-15.98172, -48.21059, 0.58 
-15.71148, -47.42144, 0.58 
-15.79874, -47.87773, 0.57 
-15.79635, -47.8708, 0.57 
-15.81667, -47.87103, 0.57 
-15.82932, -47.90528, 0.57 
-15.74158, -47.89245, 0.57 
-15.66212, -47.79767, 0.57 
-15.64654, -47.78779, 0.57 
-15.83414, -47.95739, 0.57 
-15.8618, -47.86403, 0.57 
-15.70726, -47.91156, 0.57 
-15.74997, -47.76136, 0.57 
-15.873, -47.82394, 0.57 
-15.79597, -48.01191, 0.57 
-15.7945, -48.04139, 0.57 
-15.83194, -48.03611, 0.57 
-15.83801, -48.05258, 0.57 
-15.90294, -47.77328, 0.57 
-15.62292, -47.68049, 0.57 
-15.90018, -47.76075, 0.57 
-15.81125, -48.09419, 0.57 
-15.89608, -48.11906, 0.57 
-16.01641, -48.06183, 0.57 
-15.68111, -48.19517, 0.57 
-16.03974, -48.25686, 0.57 
-15.79667, -47.88583, 0.56 
-15.777, -47.87904, 0.56 
-15.79156, -47.91828, 0.56 
-15.76489, -47.88503, 0.56 
-15.80136, -47.86856, 0.56 
-15.81925, -47.90808, 0.56 
-15.79281, -47.92995, 0.56 
-15.79894, -47.92908, 0.56 
-15.81922, -47.87375, 0.56 
-15.82578, -47.90446, 0.56 
-15.75295, -47.89197, 0.56 
-15.66161, -47.83811, 0.56 
-15.7632, -47.93407, 0.56 
-15.755, -47.84497, 0.56 
-15.64183, -47.82486, 0.56 
-15.80178, -47.95814, 0.56 
-15.63806, -47.84831, 0.56 
-15.85814, -47.93336, 0.56 
-15.76663, -47.7798, 0.56 
-15.81934, -47.81089, 0.56 
-15.59601, -47.86773, 0.56 
-15.89861, -47.92033, 0.56 
-15.87028, -47.99113, 0.56 
-15.83617, -48.03782, 0.56 
-15.92717, -47.94675, 0.56 
-15.86835, -48.02536, 0.56 
-15.85921, -48.03501, 0.56 
-15.84142, -48.04577, 0.56 
-15.9311, -47.97859, 0.56 
-15.80814, -48.06286, 0.56 
-15.90167, -47.77068, 0.56 
-15.89811, -47.76097, 0.56 
-15.64087, -47.64132, 0.56 
-15.79894, -48.09622, 0.56 
-15.91087, -48.05804, 0.56 
-15.91779, -48.05517, 0.56 
-15.79361, -48.1035, 0.56 
-15.79555, -48.14838, 0.56 
-15.69187, -47.82549, 0.55 
-15.80577, -47.88048, 0.55 
-15.76976, -47.88137, 0.55 
-15.79658, -47.86964, 0.55 
-15.67142, -47.82673, 0.55 
-15.77019, -47.87064, 0.55 
-15.82525, -47.88644, 0.55 
-15.76328, -47.86111, 0.55 
-15.79964, -47.9403, 0.55 
-15.80143, -47.84754, 0.55 
-15.74657, -47.92211, 0.55 
-15.85859, -47.91895, 0.55 
-15.84055, -47.95007, 0.55 
-15.80811, -47.80128, 0.55 
-15.83944, -47.97767, 0.55 
-15.83236, -48.01308, 0.55 
-15.82196, -48.03598, 0.55 
-15.928, -47.94903, 0.55 
-15.94392, -47.98378, 0.55 
-15.875, -48.05694, 0.55 
-15.62694, -47.65867, 0.55 
-15.96639, -47.81833, 0.55 
-15.818, -48.11931, 0.55 
-15.80719, -48.12277, 0.55 
-15.79947, -48.12897, 0.55 
-15.81346, -48.13027, 0.55 
-16.02483, -48.02647, 0.55 
-16.01662, -48.06302, 0.55 
-15.777, -47.88899, 0.54 
-15.80675, -47.89742, 0.54 
-15.77634, -47.9082, 0.54 
-15.81006, -47.89761, 0.54 
-15.79488, -47.87335, 0.54 
-15.8069, -47.86822, 0.54 
-15.79804, -47.92732, 0.54 
-15.76467, -47.87358, 0.54 
-15.75716, -47.89469, 0.54 
-15.78438, -47.85163, 0.54 
-15.81647, -47.84264, 0.54 
-15.65296, -47.79379, 0.54 
-15.63195, -47.83368, 0.54 
-15.70731, -47.91003, 0.54 
-15.8319, -47.81332, 0.54 
-15.85144, -47.81253, 0.54 
-15.59583, -47.86525, 0.54 
-15.84072, -48.0445, 0.54 
-15.8577, -48.04376, 0.54 
-15.677, -47.65467, 0.54 
-15.81419, -48.12519, 0.54 
-15.99629, -47.98597, 0.54 
-15.79917, -48.1345, 0.54 
-15.78534, -48.13598, 0.54 
-15.80606, -48.13553, 0.54 
-15.68145, -48.19603, 0.54 
-15.79788, -47.88824, 0.53 
-15.80006, -47.87902, 0.53 
-15.76775, -47.89292, 0.53 
-15.81721, -47.90894, 0.53 
-15.81022, -47.86972, 0.53 
-15.76697, -47.87303, 0.53 
-15.82261, -47.91174, 0.53 
-15.78292, -47.93754, 0.53 
-15.76389, -47.86044, 0.53 
-15.74872, -47.88414, 0.53 
-15.81673, -47.85763, 0.53 
-15.66059, -47.85585, 0.53 
-15.65944, -47.86236, 0.53 
-15.73767, -47.88856, 0.53 
-15.648, -47.79451, 0.53 
-15.82216, -47.95776, 0.53 
-15.64922, -47.77986, 0.53 
-15.74839, -47.76908, 0.53 
-15.85763, -47.97743, 0.53 
-15.86662, -47.98612, 0.53 
-15.82195, -48.03594, 0.53 
-15.82189, -48.04164, 0.53 
-15.83722, -48.03931, 0.53 
-15.8413, -48.04574, 0.53 
-15.82402, -48.05956, 0.53 
-15.81475, -48.0645, 0.53 
-15.87392, -48.05542, 0.53 
-15.87853, -48.07328, 0.53 
-15.90195, -48.06125, 0.53 
-15.79158, -48.12304, 0.53 
-15.73132, -48.14112, 0.53 
-16.01075, -48.00833, 0.53 
-16.01269, -48.06417, 0.53 
-16.04247, -48.25753, 0.53 
-15.77653, -47.88444, 0.52 
-15.77817, -47.88233, 0.52 
-15.81433, -47.90184, 0.52 
-15.7705, -47.87811, 0.52 
-15.82144, -47.89937, 0.52 
-15.82258, -47.89853, 0.52 
-15.82259, -47.8986, 0.52 
-15.82308, -47.89933, 0.52 
-15.82328, -47.91938, 0.52 
-15.74343, -47.88799, 0.52 
-15.82978, -47.86101, 0.52 
-15.73876, -47.88888, 0.52 
-15.72136, -47.88231, 0.52 
-15.72214, -47.88461, 0.52 
-15.65173, -47.79076, 0.52 
-15.63839, -47.84453, 0.52 
-15.63844, -47.84617, 0.52 
-15.79192, -47.82758, 0.52 
-15.64864, -47.78064, 0.52 
-15.75014, -47.77272, 0.52 
-15.84908, -47.95156, 0.52 
-15.74783, -47.76, 0.52 
-15.82961, -47.81481, 0.52 
-15.79056, -47.98628, 0.52 
-15.77706, -47.78314, 0.52 
-15.86722, -47.82067, 0.52 
-15.87104, -47.96658, 0.52 
-15.80583, -48.01824, 0.52 
-15.83453, -48.01611, 0.52 
-15.62372, -47.68181, 0.52 
-15.82233, -48.06143, 0.52 
-15.8251, -48.08881, 0.52 
-15.81064, -48.09322, 0.52 
-15.63875, -47.64006, 0.52 
-15.8258, -48.10286, 0.52 
-15.81143, -48.11189, 0.52 
-15.81863, -48.11702, 0.52 
-16.00836, -47.98472, 0.52 
-15.89483, -48.12992, 0.52 
-15.86189, -47.62144, 0.52 
-16.00731, -48.05461, 0.52 
-16.01425, -48.06286, 0.52 
-16.04341, -48.0391, 0.52 
-15.79942, -47.87894, 0.51 
-15.78997, -47.87558, 0.51 
-15.77231, -47.87798, 0.51 
-15.81907, -47.89767, 0.51 
-15.7637, -47.866658, 0.51 
-15.75122, -47.89356, 0.51 
-15.82369, -47.92646, 0.51 
-15.81797, -47.84217, 0.51 
-15.84617, -47.92362, 0.51 
-15.63364, -47.83372, 0.51 
-15.65092, -47.78336, 0.51 
-15.70731, -47.91159, 0.51 
-15.84225, -47.83158, 0.51 
-15.81984, -47.80863, 0.51 
-15.59576, -47.86496, 0.51 
-15.90806, -47.95036, 0.51 
-15.82852, -48.06022, 0.51 
-15.80747, -48.06464, 0.51 
-15.61981, -47.68033, 0.51 
-15.86217, -48.07475, 0.51 
-15.86397, -48.09072, 0.51 
-15.80098, -48.1291, 0.51 
-15.89053, -48.11176, 0.51 
-16.01036, -48.05203, 0.51 
-16.03225, -48.03369, 0.51 
-15.69303, -47.83721, 0.5 
-15.81312, -47.89706, 0.5 
-15.77499, -47.87749, 0.5 
-15.8135, -47.90186, 0.5 
-15.79783, -47.86555, 0.5 
-15.80951, -47.86756, 0.5 
-15.75675, -47.89772, 0.5 
-15.78614, -47.85201, 0.5 
-15.78526, -47.85208, 0.5 
-15.82692, -47.92203, 0.5 
-15.64813, -47.82447, 0.5 
-15.73586, -47.90344, 0.5 
-15.83642, -47.83351, 0.5 
-15.85672, -47.93306, 0.5 
-15.85042, -47.84589, 0.5 
-15.86639, -47.88028, 0.5 
-15.8096, -47.80039, 0.5 
-15.78148, -47.78094, 0.5 
-15.79464, -48.01383, 0.5 
-15.87322, -47.98943, 0.5 
-15.80311, -48.02469, 0.5 
-15.84133, -48.02387, 0.5 
-15.92689, -47.94978, 0.5 
-15.86929, -48.02495, 0.5 
-15.61078, -47.69414, 0.5 
-15.81578, -48.06233, 0.5 
-15.91022, -48.05863, 0.5 
-15.79258, -48.10242, 0.5 
-16.00753, -48.00289, 0.5 
-15.80775, -48.14619, 0.5 
-16.04251, -48.03989, 0.5 
-15.97983, -48.20634, 0.5 
-15.58019, -47.48167, 0.5 
-15.79919, -47.88044, 0.49 
-15.80553, -47.88593, 0.49 
-15.80791, -47.89397, 0.49 
-15.80142, -47.86489, 0.49 
-15.81706, -47.87367, 0.49 
-15.76791, -47.86607, 0.49 
-15.76597, -47.86769, 0.49 
-15.80042, -47.85862, 0.49 
-15.78229, -47.93234, 0.49 
-15.74769, -47.88489, 0.49 
-15.75003, -47.83331, 0.49 
-15.83128, -47.86112, 0.49 
-15.72047, -47.88261, 0.49 
-15.65011, -47.78294, 0.49 
-15.86486, -47.82022, 0.49 
-15.59516, -47.86817, 0.49 
-15.84391, -48.0253, 0.49 
-15.84314, -48.03122, 0.49 
-15.94292, -47.98104, 0.49 
-15.86336, -48.07653, 0.49 
-15.81079, -48.0918, 0.49 
-15.86408, -48.08964, 0.49 
-15.82781, -48.1036, 0.49 
-15.83599, -48.11232, 0.49 
-16.02528, -48.02683, 0.49 
-15.73341, -48.16783, 0.49 
-16.02808, -48.07853, 0.49 
-16.04222, -48.25672, 0.49 
-15.78539, -47.87186, 0.48 
-15.75975, -47.87942, 0.48 
-15.76007, -47.8778, 0.48 
-15.79058, -47.85536, 0.48 
-15.79267, -47.85168, 0.48 
-15.78432, -47.85127, 0.48 
-15.74694, -47.89497, 0.48 
-15.79364, -47.84782, 0.48 
-15.74043, -47.89266, 0.48 
-15.74029, -47.89395, 0.48 
-15.73943, -47.88799, 0.48 
-15.81786, -47.8421, 0.48 
-15.83219, -47.95614, 0.48 
-15.81055, -47.99015, 0.48 
-15.83764, -47.98683, 0.48 
-15.84505, -47.98533, 0.48 
-15.86594, -47.82061, 0.48 
-15.88489, -47.98314, 0.48 
-15.83772, -48.02334, 0.48 
-15.83922, -48.03014, 0.48 
-15.91342, -47.96968, 0.48 
-15.82009, -48.06389, 0.48 
-15.64161, -47.64281, 0.48 
-15.82267, -48.09471, 0.48 
-15.60203, -47.65319, 0.48 
-15.60206, -47.65281, 0.48 
-15.61322, -47.64289, 0.48 
-15.80543, -48.10435, 0.48 
-15.88583, -48.08045, 0.48 
-15.80621, -48.12249, 0.48 
-15.7865, -48.12492, 0.48 
-16.00632, -48.00264, 0.48 
-16.00289, -48.05106, 0.48 
-16.03258, -48.03217, 0.48 
-16.04115, -48.25682, 0.48 
-15.7801, -47.88137, 0.47 
-15.80609, -47.88187, 0.47 
-15.81328, -47.90322, 0.47 
-15.79598, -47.87011, 0.47 
-15.7951, -47.86604, 0.47 
-15.81139, -47.87344, 0.47 
-15.80306, -47.926, 0.47 
-15.82257, -47.90955, 0.47 
-15.80046, -47.85807, 0.47 
-15.765, -47.85861, 0.47 
-15.79614, -47.94047, 0.47 
-15.76239, -47.85917, 0.47 
-15.72545, -47.86952, 0.47 
-15.82848, -47.92133, 0.47 
-15.73816, -47.89964, 0.47 
-15.75327, -47.84394, 0.47 
-15.85056, -47.91002, 0.47 
-15.82712, -47.95287, 0.47 
-15.8715, -47.92217, 0.47 
-15.86067, -47.97739, 0.47 
-15.87353, -47.97535, 0.47 
-15.84172, -48.03519, 0.47 
-15.90314, -47.77558, 0.47 
-15.9005, -47.77147, 0.47 
-15.80775, -48.06368, 0.47 
-15.6777, -47.65587, 0.47 
-15.81133, -48.08011, 0.47 
-15.92636, -48.10732, 0.47 
-15.92751, -48.10782, 0.47 
-15.80866, -48.15162, 0.47 
-16.04289, -47.97497, 0.47 
-15.68125, -47.83539, 0.46 
-15.77867, -47.87867, 0.46 
-15.81892, -47.89458, 0.46 
-15.81906, -47.90717, 0.46 
-15.75239, -47.89261, 0.46 
-15.82792, -47.91078, 0.46 
-15.78654, -47.85257, 0.46 
-15.79925, -47.93872, 0.46 
-15.76239, -47.93222, 0.46 
-15.8347, -47.88108, 0.46 
-15.74761, -47.84342, 0.46 
-15.83892, -47.91703, 0.46 
-15.84742, -47.88636, 0.46 
-15.724, -47.88608, 0.46 
-15.84953, -47.88644, 0.46 
-15.85142, -47.87666, 0.46 
-15.80094, -47.97119, 0.46 
-15.86282, -47.86183, 0.46 
-15.75167, -47.76019, 0.46 
-15.84869, -47.82169, 0.46 
-15.83586, -47.97773, 0.46 
-15.90804, -47.95236, 0.46 
-15.83656, -48.02525, 0.46 
-15.87674, -48.00993, 0.46 
-15.84135, -48.04564, 0.46 
-15.82451, -48.05861, 0.46 
-15.62555, -47.659, 0.46 
-15.83409, -48.08336, 0.46 
-15.80877, -48.09087, 0.46 
-15.63979, -47.64217, 0.46 
-15.816, -48.10767, 0.46 
-15.89375, -48.10222, 0.46 
-15.67176, -48.13902, 0.46 
-15.58233, -47.48044, 0.46 
-16.04121, -48.25685, 0.46 
-15.78119, -47.88119, 0.45 
-15.78954, -47.8716, 0.45 
-15.81175, -47.90328, 0.45 
-15.80109, -47.86329, 0.45 
-15.81177, -47.86802, 0.45 
-15.76047, -47.87764, 0.45 
-15.80603, -47.86008, 0.45 
-15.82595, -47.90622, 0.45 
-15.75327, -47.8908, 0.45 
-15.82496, -47.91955, 0.45 
-15.73017, -47.86269, 0.45 
-15.64814, -47.82446, 0.45 
-15.83996, -47.91851, 0.45 
-15.84278, -47.87556, 0.45 
-15.78978, -47.83186, 0.45 
-15.81052, -47.98871, 0.45 
-15.80959, -47.99012, 0.45 
-15.83872, -47.98597, 0.45 
-15.80331, -48.01986, 0.45 
-15.87064, -47.98986, 0.45 
-15.88578, -47.98258, 0.45 
-15.83804, -48.02464, 0.45 
-15.84122, -48.02369, 0.45 
-15.8625, -48.03103, 0.45 
-15.85942, -48.03286, 0.45 
-15.84122, -48.04314, 0.45 
-15.67567, -47.658, 0.45 
-15.83336, -48.08878, 0.45 
-15.64014, -47.64097, 0.45 
-15.83867, -48.09281, 0.45 
-15.8019, -48.11851, 0.45 
-15.90908, -48.08908, 0.45 
-15.89397, -48.10267, 0.45 
-16.00609, -47.99659, 0.45 
-15.73124, -48.13875, 0.45 
-15.89617, -48.12961, 0.45 
-15.98373, -47.59493, 0.45 
-15.77314, -47.87564, 0.44 
-15.7662, -47.8861, 0.44 
-15.76092, -47.87919, 0.44 
-15.80354, -47.8622, 0.44 
-15.82308, -47.88392, 0.44 
-15.80273, -47.86171, 0.44 
-15.76749, -47.86504, 0.44 
-15.80071, -47.93935, 0.44 
-15.76514, -47.93469, 0.44 
-15.75369, -47.92517, 0.44 
-15.74511, -47.85356, 0.44 
-15.6478, -47.82555, 0.44 
-15.82971, -47.85934, 0.44 
-15.83088, -47.86029, 0.44 
-15.73511, -47.87419, 0.44 
-15.84569, -47.92248, 0.44 
-15.80213, -47.95739, 0.44 
-15.84686, -47.92186, 0.44 
-15.85232, -47.87683, 0.44 
-15.82778, -47.9545, 0.44 
-15.86016, -47.91704, 0.44 
-15.83117, -47.81647, 0.44 
-15.64074, -47.75208, 0.44 
-15.90245, -47.77451, 0.44 
-15.8211, -48.08175, 0.44 
-15.61284, -47.65236, 0.44 
-15.80578, -48.10246, 0.44 
-16.03881, -48.03211, 0.44 
-15.85761, -47.52753, 0.44 
-15.79928, -47.89433, 0.43 
-15.78197, -47.8835, 0.43 
-15.81497, -47.90172, 0.43 
-15.79581, -47.86894, 0.43 
-15.76818, -47.87872, 0.43 
-15.80954, -47.86921, 0.43 
-15.76547, -47.87242, 0.43 
-15.76653, -47.87058, 0.43 
-15.76372, -47.87333, 0.43 
-15.80228, -47.86122, 0.43 
-15.8195, -47.87494, 0.43 
-15.78411, -47.93503, 0.43 
-15.83031, -47.91211, 0.43 
-15.73871, -47.89835, 0.43 
-15.84929, -47.88627, 0.43 
-15.84728, -47.94967, 0.43 
-15.80797, -47.79978, 0.43 
-15.79463, -48.01316, 0.43 
-15.87392, -47.97636, 0.43 
-15.85711, -47.99935, 0.43 
-15.92689, -47.94753, 0.43 
-15.80286, -48.06592, 0.43 
-15.90106, -47.76069, 0.43 
-15.603, -47.67506, 0.43 
-15.8089, -48.08848, 0.43 
-15.86459, -48.07574, 0.43 
-15.96558, -47.81822, 0.43 
-15.61117, -47.65231, 0.43 
-15.79676, -48.10287, 0.43 
-15.81067, -48.13461, 0.43 
-15.78418, -48.13607, 0.43 
-15.85853, -47.62236, 0.43 
-15.68797, -48.2073, 0.43 
-15.79921, -47.89291, 0.42 
-15.77914, -47.88198, 0.42 
-15.79222, -47.91942, 0.42 
-15.82804, -47.9112, 0.42 
-15.74853, -47.88483, 0.42 
-15.82908, -47.92103, 0.42 
-15.74267, -47.75027, 0.42 
-15.84005, -48.02241, 0.42 
-15.83793, -48.02468, 0.42 
-15.84545, -48.02316, 0.42 
-15.62081, -47.94771, 0.42 
-15.619, -47.95024, 0.42 
-15.92786, -47.94881, 0.42 
-15.89725, -47.77557, 0.42 
-15.60275, -47.67747, 0.42 
-15.80994, -48.07992, 0.42 
-15.62642, -47.65983, 0.42 
-15.62224, -47.6441, 0.42 
-15.64099, -47.62528, 0.42 
-15.87886, -48.10644, 0.42 
-16.00613, -48.00179, 0.42 
-15.80794, -48.15214, 0.42 
-15.80825, -47.89431, 0.41 
-15.78122, -47.87347, 0.41 
-15.82356, -47.88456, 0.41 
-15.80703, -47.85864, 0.41 
-15.69726, -47.87274, 0.41 
-15.81683, -47.85958, 0.41 
-15.81013, -47.94241, 0.41 
-15.83303, -47.95323, 0.41 
-15.83119, -47.81647, 0.41 
-15.83585, -48.0116, 0.41 
-15.81984, -48.08201, 0.41 
-15.61314, -47.65381, 0.41 
-15.80813, -48.09556, 0.41 
-15.60247, -47.65339, 0.41 
-15.80694, -48.10393, 0.41 
-15.82901, -48.10294, 0.41 
-16.01306, -48.06236, 0.41 
-16.01114, -48.0695, 0.41 
-16.01244, -48.06881, 0.41 
-16.02822, -48.05719, 0.41 
-15.5825, -47.48294, 0.41 
-15.58165, -47.48177, 0.41 
-15.68217, -47.83617, 0.4 
-15.80607, -47.88299, 0.4 
-15.80645, -47.88139, 0.4 
-15.76436, -47.893, 0.4 
-15.79542, -47.86364, 0.4 
-15.80847, -47.86547, 0.4 
-15.79753, -47.8605, 0.4 
-15.75844, -47.88, 0.4 
-15.79992, -47.85906, 0.4 
-15.749, -47.88406, 0.4 
-15.7638, -47.85975, 0.4 
-15.65794, -47.80542, 0.4 
-15.85558, -47.90064, 0.4 
-15.83141, -47.81364, 0.4 
-15.7745, -47.77886, 0.4 
-15.83725, -48.01214, 0.4 
-15.84146, -48.02053, 0.4 
-15.84597, -48.02383, 0.4 
-15.62033, -47.94842, 0.4 
-15.86463, -48.03787, 0.4 
-15.86783, -48.03758, 0.4 
-15.96423, -47.81851, 0.4 
-15.87784, -48.07055, 0.4 
-15.90927, -48.09045, 0.4 
-15.89417, -48.10317, 0.4 
-16.00686, -48.00248, 0.4 
-15.89517, -48.13019, 0.4 
-15.73503, -48.16772, 0.4 
-16.03383, -48.03429, 0.4 
-16.03124, -48.06781, 0.4 
-15.79036, -47.87597, 0.39 
-15.81366, -47.90104, 0.39 
-15.81947, -47.8995, 0.39 
-15.80194, -47.86681, 0.39 
-15.75775, -47.89958, 0.39 
-15.75803, -47.88194, 0.39 
-15.81441, -47.86768, 0.39 
-15.79224, -47.93389, 0.39 
-15.78419, -47.93683, 0.39 
-15.78517, -47.85211, 0.39 
-15.66081, -47.85431, 0.39 
-15.7933, -47.84703, 0.39 
-15.744, -47.90042, 0.39 
-15.83275, -47.92458, 0.39 
-15.84514, -47.85389, 0.39 
-15.59563, -47.87869, 0.39 
-15.57381, -47.85392, 0.39 
-15.61822, -47.71577, 0.39 
-15.8075, -48.04278, 0.39 
-15.82019, -48.04161, 0.39 
-15.84138, -48.04557, 0.39 
-15.59969, -47.687, 0.39 
-15.60405, -47.67671, 0.39 
-15.96308, -47.81811, 0.39 
-15.87635, -48.0699, 0.39 
-15.84825, -48.10656, 0.39 
-15.87903, -48.10925, 0.39 
-15.84239, -48.13172, 0.39 
-15.60458, -47.58397, 0.39 
-15.67676, -48.2047, 0.39 
-15.86088, -47.52829, 0.39 
-16.0397, -48.25685, 0.39 
-16.04169, -48.25739, 0.39 
-15.77814, -47.88303, 0.38 
-15.80699, -47.88221, 0.38 
-15.77109, -47.88368, 0.38 
-15.79583, -47.87125, 0.38 
-15.78843, -47.87048, 0.38 
-15.76443, -47.88665, 0.38 
-15.81222, -47.91306, 0.38 
-15.80824, -47.8719, 0.38 
-15.7958, -47.86199, 0.38 
-15.802, -47.86319, 0.38 
-15.79606, -47.86108, 0.38 
-15.74717, -47.88525, 0.38 
-15.659, -47.80375, 0.38 
-15.73704, -47.90412, 0.38 
-15.63319, -47.81167, 0.38 
-15.64654, -47.76851, 0.38 
-15.7658, -47.77863, 0.38 
-15.86983, -47.93005, 0.38 
-15.83129, -47.98168, 0.38 
-15.77934, -47.99417, 0.38 
-15.75964, -47.74342, 0.38 
-15.80881, -48.02953, 0.38 
-15.84254, -48.02185, 0.38 
-15.90108, -47.76986, 0.38 
-15.6795, -47.65743, 0.38 
-15.90044, -48.04922, 0.38 
-15.79323, -48.12185, 0.38 
-16.02725, -48.07767, 0.38 
-15.77122, -47.87025, 0.37 
-15.79839, -47.85914, 0.37 
-15.75128, -47.87808, 0.37 
-15.83112, -47.91837, 0.37 
-15.65844, -47.80417, 0.37 
-15.74564, -47.85322, 0.37 
-15.64275, -47.82388, 0.37 
-15.64651, -47.79357, 0.37 
-15.65067, -47.78394, 0.37 
-15.91974, -47.96582, 0.37 
-15.82094, -48.06269, 0.37 
-15.83572, -48.08506, 0.37 
-15.8019, -48.11132, 0.37 
-15.81056, -48.13542, 0.37 
-16.00208, -48.05269, 0.37 
-16.02556, -48.02731, 0.37 
-16.04399, -48.0395, 0.37 
-15.77724, -47.87738, 0.36 
-15.79603, -47.86931, 0.36 
-15.67249, -47.82446, 0.36 
-15.80197, -47.86747, 0.36 
-15.80686, -47.86669, 0.36 
-15.80263, -47.86185, 0.36 
-15.79883, -47.85984, 0.36 
-15.76442, -47.87108, 0.36 
-15.82386, -47.91156, 0.36 
-15.65609, -47.80646, 0.36 
-15.83315, -47.9257, 0.36 
-15.73644, -47.87453, 0.36 
-15.84716, -47.92311, 0.36 
-15.79087, -47.82906, 0.36 
-15.63269, -47.83183, 0.36 
-15.64964, -47.78397, 0.36 
-15.76588, -47.77948, 0.36 
-15.84604, -48.03304, 0.36 
-15.79678, -48.05925, 0.36 
-15.83129, -48.05555, 0.36 
-15.81128, -48.06333, 0.36 
-15.90267, -47.76986, 0.36 
-15.67784, -47.65594, 0.36 
-15.96555, -47.81633, 0.36 
-15.79568, -48.10104, 0.36 
-15.822, -48.11638, 0.36 
-15.94601, -48.18147, 0.36 
-15.57553, -47.47177, 0.36 
-15.80046, -47.87784, 0.35 
-15.74672, -47.89369, 0.35 
-15.80112, -47.9406, 0.35 
-15.6327, -47.83289, 0.35 
-15.85194, -47.95112, 0.35 
-15.86872, -47.922, 0.35 
-15.84705, -47.8223, 0.35 
-15.77414, -47.77894, 0.35 
-15.87154, -47.96649, 0.35 
-15.59528, -47.87633, 0.35 
-15.81578, -48.01601, 0.35 
-15.87717, -47.80376, 0.35 
-15.57328, -47.85228, 0.35 
-15.61914, -47.71544, 0.35 
-15.79453, -48.052, 0.35 
-15.84507, -48.04225, 0.35 
-15.81211, -48.084, 0.35 
-15.96651, -47.81839, 0.35 
-15.6142, -47.6435, 0.35 
-15.86378, -48.08939, 0.35 
-15.94758, -48.03936, 0.35 
-15.67194, -48.1374, 0.35 
-16.04331, -47.97206, 0.35 
-15.94631, -48.18019, 0.35 
-16.04089, -48.25853, 0.35 
-15.77496, -47.87678, 0.34 
-15.81781, -47.89828, 0.34 
-15.80186, -47.86631, 0.34 
-15.79556, -47.86292, 0.34 
-15.79589, -47.86206, 0.34 
-15.765, -47.86889, 0.34 
-15.82764, -47.91308, 0.34 
-15.82478, -47.92217, 0.34 
-15.81922, -47.85978, 0.34 
-15.73639, -47.90586, 0.34 
-15.64739, -47.79622, 0.34 
-15.84411, -47.85244, 0.34 
-15.84212, -47.83291, 0.34 
-15.86892, -47.92189, 0.34 
-15.77417, -47.77914, 0.34 
-15.59675, -47.86628, 0.34 
-15.83715, -48.01044, 0.34 
-15.844, -48.02653, 0.34 
-15.81333, -48.06322, 0.34 
-15.6006, -47.68782, 0.34 
-15.63833, -47.65344, 0.34 
-15.61511, -47.636, 0.34 
-15.60447, -47.58267, 0.34 
-15.79704, -47.88733, 0.33 
-15.76815, -47.88115, 0.33 
-15.76697, -47.87144, 0.33 
-15.82873, -47.91235, 0.33 
-15.74631, -47.89286, 0.33 
-15.79408, -47.9425, 0.33 
-15.8115, -47.83761, 0.33 
-15.63383, -47.81181, 0.33 
-15.85847, -47.91721, 0.33 
-15.74983, -47.7735, 0.33 
-15.7492, -47.70253, 0.33 
-15.91069, -47.96829, 0.33 
-15.91174, -47.96844, 0.33 
-15.79937, -48.05735, 0.33 
-15.80802, -48.06154, 0.33 
-15.62428, -47.67989, 0.33 
-15.61922, -47.68103, 0.33 
-15.67886, -47.65664, 0.33 
-15.63689, -47.65178, 0.33 
-15.80866, -48.08956, 0.33 
-15.81122, -48.13542, 0.33 
-15.8935, -48.12317, 0.33 
-15.98144, -48.20788, 0.33 
-15.81844, -47.89773, 0.32 
-15.7957, -47.86283, 0.32 
-15.79661, -47.92833, 0.32 
-15.79811, -47.85947, 0.32 
-15.76486, -47.86876, 0.32 
-15.76119, -47.87119, 0.32 
-15.79117, -47.85161, 0.32 
-15.74467, -47.89608, 0.32 
-15.85336, -47.85481, 0.32 
-15.79854, -47.97122, 0.32 
-15.57269, -47.85406, 0.32 
-15.79461, -48.03908, 0.32 
-15.83725, -48.05675, 0.32 
-15.80758, -48.09058, 0.32 
-15.63974, -47.64085, 0.32 
-15.81249, -48.13105, 0.32 
-15.6809, -48.19677, 0.32 
-15.94509, -48.18209, 0.32 
-15.57524, -47.47726, 0.32 
-15.81778, -47.9097, 0.31 
-15.80769, -47.86844, 0.31 
-15.79675, -47.86192, 0.31 
-15.81708, -47.87444, 0.31 
-15.79812, -47.86121, 0.31 
-15.76389, -47.87014, 0.31 
-15.79875, -47.85787, 0.31 
-15.79734, -47.85735, 0.31 
-15.76212, -47.86842, 0.31 
-15.74742, -47.89356, 0.31 
-15.65942, -47.86093, 0.31 
-15.65817, -47.80406, 0.31 
-15.77022, -47.83272, 0.31 
-15.84889, -47.82365, 0.31 
-15.77972, -47.99231, 0.31 
-15.8452, -47.98079, 0.31 
-15.76038, -47.74221, 0.31 
-15.84086, -48.02265, 0.31 
-15.61978, -47.71586, 0.31 
-15.74289, -48.05306, 0.31 
-15.90139, -47.7736, 0.31 
-15.82028, -48.06447, 0.31 
-15.70981, -47.42689, 0.31 
-15.79611, -47.86294, 0.3 
-15.81543, -47.9176, 0.3 
-15.82302, -47.91127, 0.3 
-15.76261, -47.8705, 0.3 
-15.87075, -47.92183, 0.3 
-15.74039, -47.75264, 0.3 
-15.81741, -48.01578, 0.3 
-15.8413, -48.04557, 0.3 
-15.60543, -47.67584, 0.3 
-15.81028, -48.13503, 0.3 
-15.78587, -48.13735, 0.3 
-16.04251, -48.03871, 0.3 
-15.58312, -47.47717, 0.3 
-16.00364, -47.55864, 0.3 
-15.76733, -47.88531, 0.29 
-15.76144, -47.89056, 0.29 
-15.82211, -47.90083, 0.29 
-15.79821, -47.85937, 0.29 
-15.66344, -47.79708, 0.29 
-15.73715, -47.90279, 0.29 
-15.81618, -47.84111, 0.29 
-15.85149, -47.81603, 0.29 
-15.72736, -47.66008, 0.29 
-15.63886, -47.65161, 0.29 
-16.01875, -48.01736, 0.29 
-16.04189, -47.97328, 0.29 
-15.58042, -47.47666, 0.29 
-15.81776, -47.89589, 0.28 
-15.82287, -47.90042, 0.28 
-15.78533, -47.85222, 0.28 
-15.74181, -47.88703, 0.28 
-15.85439, -47.90478, 0.28 
-15.94144, -48.04074, 0.28 
-16.0225, -47.98228, 0.28 
-15.60614, -47.58397, 0.28 
-16.04342, -47.97325, 0.28 
-15.85936, -47.53008, 0.28 
-16.00303, -47.55995, 0.28 
-15.81717, -47.89314, 0.27 
-15.76808, -47.87872, 0.27 
-15.81917, -47.87428, 0.27 
-15.74478, -47.89894, 0.27 
-15.80997, -47.94326, 0.27 
-15.80303, -47.95686, 0.27 
-15.63392, -47.81236, 0.27 
-15.83411, -47.81597, 0.27 
-15.83036, -47.98197, 0.27 
-15.83683, -47.97881, 0.27 
-15.83639, -47.98092, 0.27 
-15.75953, -47.74283, 0.27 
-15.83717, -48.08261, 0.27 
-15.82293, -48.09636, 0.27 
-15.87997, -48.10786, 0.27 
-15.73022, -48.14025, 0.27 
-15.73126, -48.14311, 0.27 
-15.73319, -48.16944, 0.27 
-15.78989, -47.55575, 0.27 
-15.68644, -48.20627, 0.27 
-16.04192, -48.26072, 0.27 
-15.76688, -47.88394, 0.26 
-15.80197, -47.86369, 0.26 
-15.7241, -47.88712, 0.26 
-15.82901, -47.98173, 0.26 
-15.75986, -47.74294, 0.26 
-15.79299, -48.01191, 0.26 
-15.59556, -47.87749, 0.26 
-15.74468, -48.05112, 0.26 
-15.74301, -48.05174, 0.26 
-15.89367, -48.10303, 0.26 
-15.60472, -47.58553, 0.26 
-15.67327, -48.13912, 0.26 
-15.79189, -47.55328, 0.26 
-15.68861, -48.20878, 0.26 
-15.57931, -47.47647, 0.26 
-15.80255, -47.86417, 0.25 
-15.79805, -47.86062, 0.25 
-15.75249, -47.92735, 0.25 
-15.63851, -47.74755, 0.25 
-15.5715, -47.85253, 0.25 
-15.8583, -48.04544, 0.25 
-16.00945, -48.05325, 0.25 
-15.95811, -48.17397, 0.25 
-15.95794, -48.17549, 0.25 
-15.71053, -47.42354, 0.25 
-16.04222, -48.25908, 0.25 
-15.80147, -47.86554, 0.24 
-15.82579, -47.90502, 0.24 
-15.78444, -47.85175, 0.24 
-15.73832, -47.89052, 0.24 
-15.84189, -48.02128, 0.24 
-15.82184, -48.04378, 0.24 
-15.73161, -48.16781, 0.24 
-16.04947, -48.04231, 0.24 
-15.95644, -48.17556, 0.24 
-15.94586, -48.18313, 0.24 
-16.00156, -47.55967, 0.24 
-15.77032, -47.885, 0.23 
-15.81378, -47.90273, 0.23 
-15.81744, -47.89453, 0.23 
-15.74375, -47.89622, 0.23 
-15.63602, -47.8483, 0.23 
-15.87, -47.92161, 0.23 
-15.84692, -47.9792, 0.23 
-15.61792, -47.94722, 0.23 
-15.80867, -48.09592, 0.23 
-15.81488, -48.1301, 0.23 
-15.78892, -47.55383, 0.23 
-15.79048, -47.55425, 0.23 
-15.68928, -48.20619, 0.23 
-15.95897, -48.17664, 0.23 
-15.81745, -47.89967, 0.22 
-15.73917, -47.75297, 0.22 
-15.64323, -47.7573, 0.22 
-15.61972, -47.71653, 0.22 
-15.62314, -47.64415, 0.22 
-15.76326, -47.8703, 0.21 
-15.73969, -47.75353, 0.21 
-15.59467, -47.87788, 0.21 
-15.83886, -47.74347, 0.21 
-15.57643, -47.47551, 0.21 
-15.79747, -47.85782, 0.2 
-15.83956, -48.10207, 0.2 
-16.01406, -48.06172, 0.2 
-15.6118, -47.69294, 0.19 
-15.68014, -47.65664, 0.19 
-15.85831, -47.52911, 0.19 
-15.81922, -47.89803, 0.18 
-15.81023, -47.86668, 0.18 
-15.81508, -47.97789, 0.18 
-15.82926, -47.98236, 0.18 
-15.82108, -48.04301, 0.18 
-15.96517, -47.82164, 0.18 
-16.04922, -48.04186, 0.18 
-15.74282, -47.88664, 0.17 
-15.8145, -48.12333, 0.17 
-15.73961, -47.75281, 0.16 
-15.82996, -47.92207, 0.15 
-15.63829, -47.75036, 0.15 
-15.91188, -47.96908, 0.15 
-15.82637, -48.05925, 0.15 
-15.63863, -47.64006, 0.15 
-16.01795, -48.0179, 0.15 
-16.0326, -48.03306, 0.15 
-16.04917, -48.04275, 0.15 
-15.8405, -48.04333, 0.13 
-15.83719, -48.05758, 0.13 
-15.9828, -48.20727, 0.13 
-15.7105, -47.4223, 0.13 
-15.75412, -47.9287, 0.12 
-15.74195, -48.05127, 0.11 
-16.01194, -48.06925, 0.11 
-15.805153, -47.882099, 0.1 
-15.75468, -47.92757, 0.1 
-15.81664, -48.0138, 0.1 
-15.98578, -47.59644, 0.09 
-15.59685, -47.86619, 0.07 
-15.80663, -47.88735, 0.06 
-15.727, -47.66335, 0.03 
-15.72747, -47.66195, 0.03 
-15.72856, -47.66067, 0.03 
-16.00743, -47.99634, 0.03