------------------------------
Base station positions
------------------------------
7275.636800328681	6832.234717598454
3087.1945533265975	2770.7849007413665
6655.489517945736	9033.722646721782
3687.8291341130566	2757.4806944170236
4636.535758091533	7829.017787900358
9193.277828687169	4364.909744232866
7499.061812554475	3865.668743593487
1773.7847790937833	5943.499108896842
2097.6756886633207	8259.65871887821
1722.1793768785242	5874.273817862956
7512.804067674601	5710.403484148672
5800.2488450206065	7525.09948590651
314.1823882658079	3579.1991947712863
8177.969308356393	4176.8754675291875
9740.356814958814	7134.06257823229
4805.745165564344	2916.564974118041
9498.601346594665	8204.918233863466
6366.4454785628195	3691.214939418974
3602.548753661351	4346.610851406103
4573.170944447695	4726.8842087585535
4690.225206155686	8273.224240149952
1510.3155452875826	8338.662354441658
4603.063726611612	2805.7199167281024
1959.6420742315602	1792.7344087491738
8656.867963273522	4865.906618261941
4209.717066310287	6328.69791353279
6998.586450671721	3153.2845005767294
5716.203055299767	3710.1228968376086
8718.145959648387	8057.30942661998
6162.136850351787	3743.5935608900427
6972.487292697295	9086.14580207571
1961.4707188185155	8091.248167277394
6279.332754134726	4633.992710283451
3055.7915566744887	5399.094342593693
6351.110144563881	1262.5782329876533
4973.268924759205	273.14166285965837
364.8451669024966	4838.4385495430515
6550.53381109821	3957.6628017124217
9401.72465685381	3846.1084391729137
6462.319787976428	7704.656377739409
8940.42795818409	5988.370371450177
9760.344716184083	770.8511293525199
7751.206959271756	2788.223024987677
8992.053297295577	3738.361436205424
4313.095551354611	3323.2427838474855
3151.474713673178	4427.3594208622035
964.5091588082399	7451.533062153856
1708.5973788289755	8053.907199213823
1397.8959528686087	929.4681694145556
270.2986688213338	5483.346917317515
2821.982861306481	9674.95322008511
9045.010790015618	3439.4214644447275
140.55818452733183	8095.941248100626
5214.943036897558	8351.55555007701
5834.61648591119	6882.460693475148
5563.822013190519	1157.501237196259
5885.086368942899	8951.422853569353
6264.75165203972	3825.809911816859
9036.250947502425	8336.996010963523
2601.936311661338	9622.362202497228
3975.361560156031	5735.347186765608
2581.6500103916605	8217.45557953679
6591.834743191865	6141.067547923854
4881.9737445692535	3614.706128921814
7379.816322918872	8553.614909816328
3397.4710859425795	7580.2986463498
7260.782049409076	5085.622348730312
7754.099185924647	3760.8728793417545
8628.241587977618	6970.9331396258
1601.307542881809	8000.608760075071
7254.4955362074215	7948.74724221567
8232.40915575137	8502.834502384514
9849.792053465191	1291.266865045768
6140.948241989225	5428.746811813502
1527.1174308113877	5345.760098961941
5489.937328293971	3285.599644454902
7201.246754012255	3877.9615803820234
152.4662145543876	1028.9836703446208
1038.5689724130098	1732.2564807356011
8976.338235309475	4188.584191466655
8474.594867482883	3365.1035217630297
4232.016820908536	524.0674547397839
6028.944695965659	1661.6716052142333
4822.317213379962	5727.517497728555
5173.00271039096	7111.676032533552
6763.912298487055	8511.105517513011
7843.319377302849	2898.9223547759448
3694.863803587539	5053.441079707084
2844.2275960610364	9750.075836495604
5719.0317890355345	1225.322579512087
4346.035045905807	5491.691115143541
5767.354193796421	7275.365034290849
5960.541733652932	8180.555270246112
8837.630591185496	3728.2558989590466
6463.525525118457	8400.91222384709
968.5838606913521	9133.144945237442
6134.225062085445	5863.145983289133
1610.613166936703	9996.953460696848
5894.745086569682	7792.0269121161955
5174.794735218408	747.1399925738265
4957.693996774556	1758.63201981718
4973.32761330185	6890.734503429417
6528.261733339535	3588.5662535669117
5508.75603692069	7671.216444241212
5257.325653773777	1770.1350179026742
7125.950672504739	5472.075167262199
4605.078047844824	3389.6250975681764
409.96406939036723	7975.658660365816
7050.040729435885	3036.869679733477
6394.518384284485	5658.184614300726
5166.242130637467	5352.792237599756
2640.0242201489446	1586.5482876736248
6991.707356898534	3931.6353033715945
4546.671826225937	2679.830902841408
4824.310895538776	4144.095098620818
5887.273230114029	1608.1777232382256
2606.430086088475	5113.606074523155
2476.175355348805	6323.979807243695
3397.7281727972954	6556.523970243689
8134.709073783778	9855.057258481156
5085.7838498552455	9487.981214932968
2670.271953998293	6436.811749976528
9447.181152292042	5898.699061620923
7455.289570035387	1320.078629852559
6947.056690400056	1424.057611385977
5373.939277251666	663.6740029578825
7252.99650088167	6755.240114928003
8398.659092547523	4805.400124058649
3339.565206430066	8083.287288527613
7865.106162006103	2902.537124476473
5272.63841932272	4220.4034179717455
9633.371279771416	9442.612909525735
8288.101950349583	8208.885106200169
8754.89401452617	3447.5127143085924
8617.372133525841	4206.547517428645
6008.6655488386095	9328.751283275704
9662.580300540341	6228.544201629813
1726.9455933310796	4298.9983985811205
587.1560541486288	3928.9916536793567
699.8624076036219	1004.7126888846303
9162.937751675898	2021.8249296904355
5629.902400450396	5617.009436673657
802.8217034514151	4168.825909063579
5601.439765052083	1002.643414671024
6108.360987453948	9203.780707537544
337.0946135386954	1794.2644263327322
9974.608145187527	7415.241337352465
631.8512854648839	3188.8614157208726
6319.893008139348	7276.379438786885
287.5051444068377	8125.5811465298075
3846.1105379950045	8488.935564489962
5114.152041306954	8128.869412181173
9885.489924132562	5499.286531234228
122.07078788490921	1550.1508337998448
1352.7063443116194	6748.163096975665
6896.49109462087	9201.028440830354
4096.582100020899	8831.571536052204
9329.38256811512	1443.2493902837828
4533.521721006632	1478.9870945392947
7376.534846283614	2685.4489611650556
345.21076210013877	8795.897940455561
5314.847873660685	8933.95046645043
236.00080418726742	4571.300874903905
3093.883986656346	1554.665148157489
6270.795573387751	4616.762686624875
6807.378202162523	5725.401375412691
6152.138700739788	7082.174342666011
7054.54587532873	5192.654911846664
6945.599744261157	2484.3453214091173
2017.6611571220649	5894.2261112614015
6225.44320874315	8788.09666482779
5451.525556016723	9768.76449588937
1387.9539196893309	3295.530741893903
8462.085360419409	6645.615310744589
2967.687643937048	2327.6689693992034
7945.596265739877	6493.105187123214
3192.301164360183	1723.6652178383872
3866.3743154419117	6500.668101267688
6724.5125673191305	6036.316526960096
2170.314357970613	7479.981807831442
6565.124808212711	1968.6130088289333
62.996170798891306	1892.5476861992895
4428.946316139616	2074.5782894193976
5625.339573387319	1445.9146368031895
1555.8243794028037	8038.671841542195
4296.410560398164	5648.011661650246
2881.901760839064	8951.539148042179
622.1225231856786	3968.8198698027354
4771.599375554869	8915.910467146385
4850.213136866577	3330.882417483578
4098.712112145953	44.96524367329502
446.0241183761893	9534.910042023954
4365.403939659847	1456.4939403082033
410.2447110373153	5924.017499135916
2760.7704279429977	2219.7071696876956
7398.927990458427	5099.87512730102
586.0358422562673	6377.553953875495
5077.722410736495	9826.343569374401
8311.333930485323	1145.930730043907
5886.407433150332	7390.909536447646
5679.421718667782	5182.172329394712
3446.458803016336	7641.516603284576
6734.555771922684	2418.7409125346194
6213.511710359201	8676.146400048168
9430.161143370018	8374.034326981022
2658.230788909982	5734.770092968069
9556.806476295898	80.75866510508844
7253.233185566849	8228.06085629989
9132.391862789185	7813.3208432755755
850.3590739546585	7034.515012832663
109.3489625584243	6649.215166757789
8651.715423949832	9207.40648594478
5279.038694099464	8565.394149351032
3909.564419400765	55.25250238970103
9591.42706711325	1249.124149489529
5734.270800458785	3194.2456463145177
6758.508485827457	8093.848994014697
4946.157081511063	7618.3629429356215
7972.833482072762	4954.097186296857
2776.2618792190865	7092.637175974684
1847.8953614642223	3149.482010736809
3402.6304867449376	1247.3332045964203
7275.0151650866555	4936.362278178581
2802.9174071568864	9635.544382660464
3791.7548420970925	7206.748645950106
3210.711750435782	9713.985218571215
7269.784595637126	1527.5484945028295
4582.138900846238	7216.524774332927
2255.5139749882214	3799.2688170927113
1910.9407573087444	2712.268023582718
6134.693220012867	4791.801544521657
9974.363230557561	1274.7642225308086
4442.576436641098	3605.9407578798664
5148.834062231381	3136.175323783711
1104.1335972159616	9712.788340534842
7303.545003612768	1960.0191785152433
2164.1865335323096	5639.228804030709
3461.6984005044883	3938.351824714422
6655.231877925436	1596.1586342355283
8913.317072975742	5304.028811818497
3651.1150178575067	5387.186886615621
770.1562500675597	8045.950757088926
267.5922858941504	5789.020371129077
3572.39736902605	3624.95704090968
1396.2292258585485	5260.779686454227
6488.446372281008	2310.304737418374
8295.956500501514	8317.996174005464
6893.297325706504	1391.4323605587288
9817.006954307884	5198.062695188943
5667.560656072475	8966.972151731754
6994.841174460615	6547.420655094701
5428.403004718924	1272.7432749433142
9027.062915710678	3776.7879793415327
4085.279670568744	582.7224780007101
6234.215516826781	1459.2421680894852
2607.4830713716024	7601.753590295445
3505.7424939349366	2686.9924971350124
7697.1724978315415	6966.023404081342
5945.280461672624	5656.189966263225
7180.691969038018	6977.099920986575
6954.852907428858	9915.135987905805
8362.618258929695	5017.588611925372
7835.413662256555	3689.772836559303
7331.128927835405	8231.234396249325
7131.587768334366	9491.348487638112
259.9161715646736	4997.555864901952
7411.342203578883	3814.6668231184176
6121.013331373107	6490.8738038474885
6946.712983987674	8151.350690649308
3904.54430919679	9185.848979070246
3849.6048144608485	2771.0581846256623
6435.542665114766	8556.419871526006
617.0708086796883	1764.6102656963913
7184.6312921858635	1412.2939857963313
7753.366738639441	7696.503594786774
6088.492750640411	9326.909165837742
6161.471556789055	6880.295632898734
5327.700708364619	8433.048356466774
9334.649865577205	1768.8682913913356
6253.623732637677	1497.0611089748465
8029.027624492274	5242.589341171685
4212.754356203756	6629.903985443469
2061.04001388116	2681.9063439407632
8885.954279623034	3252.980730556405
6149.000150727515	1626.9259053275598
3941.75269237666	9.031668202973409
9305.934787593947	5555.044564862716
1296.9663476351845	1193.0813022388731
191.21333714564815	7848.713485823744
2084.5601415045835	7975.72426903208
4041.3941217687134	4378.934755830393
8547.802893395672	8200.791146199019
326.1048950799461	8296.104642843451
8511.411489221946	3861.7048996125236
4112.653882852809	8598.33171638906
6824.5227488240425	8495.602240269478
8273.47278016856	4838.375771206309
6226.967984918021	7681.559612546558
8133.370675262103	3933.866847308839
3459.47064756002	4589.029306619177
4928.979157574864	1461.4821614278374
5120.021088928213	9094.859962580831
9540.652631735527	9044.272466186145
1762.8316072690664	3372.0355911484266
3357.477346375197	1482.3447916521081
8042.9089887582995	9050.536206178964
8848.945754461984	2130.6248050676613
1328.4250506805552	1060.4927538922504
8442.221419460388	2693.438403479881
1134.7070228644973	1090.062990427434
6641.834384365319	4084.165650496591
6977.8070495710635	9225.235175421054
6979.021450805794	8289.237785980338
2802.255720962452	5786.021505674768
2340.818585511164	7279.264262761602
2006.7394274033024	6633.2711076432215
4504.411313519404	3926.0872760545662
8273.087524882147	4292.601815533828
6290.131566875504	1613.0857187300917
3898.090305037064	4126.713134667105
7646.881962238921	3767.056583420816
9134.315824436055	9484.603601700132
5196.661493060699	1893.5244093197357
3165.22698589109	2265.9926818069866
3290.253585292512	863.3429565006645
9771.5481918814	5661.501197884359
3464.0350692517673	3176.966079275152
8489.964945408361	3963.9167915595385
8338.241273827682	9723.785256167715
5121.886480868373	293.13569516615456
5459.932392899262	3157.4431752739197
3819.1355348372736	6837.13406530372
6369.279919224918	1424.049879132162
6655.0772380770595	3783.594405131916
6255.689339834456	3208.742941221053
5583.833258454742	2501.5695541725845
9970.671405156649	4107.05163923125
5996.8723367201555	5729.8418787140145
877.252283437403	2181.032654227164
705.407096888857	2538.3915490422014
41.11496273080162	4226.174093253125
8108.66588781742	8651.66313962315
4606.549833719652	9553.563898820998
8552.256512149734	3357.07385288228
5850.682637492369	6382.849215814441
8437.466071820196	2669.4853419480546
9372.340508983512	7045.018261234798
2511.497277578397	4682.114622768539
2147.3061756461266	2110.058749250855
950.2684680326589	7106.635009041368
3769.6012504370847	283.05730988871017
9339.556054688837	8889.975588318846
2098.8319883617037	453.32376405750387
6466.889896937116	7492.599372945875
6746.517406060456	4634.639467430046
6955.759679676929	922.8031063821895
7359.713556262162	5700.739614937979
3205.3270431900214	8943.84770488124
7498.139615642945	1798.6649268201015
3842.9791991584407	1005.4932941205652
9051.39651734699	113.62156140020562
3953.702078145722	9398.781230551222
6605.7662116300335	6262.513973539188
5719.391563171791	4892.666053074151
5945.464682863578	2009.3250179860534
6782.857836041024	8683.371618610843
5961.116791217263	3224.0371096877197
7645.424751954817	8872.107320623374
8638.6075142903	2047.7989230447802
8713.664092145367	1884.0479188741954
7514.358629067812	2080.564055687576
2229.941719444838	9251.24383989763
1008.4694828356367	3073.4383518054974
4253.099657678065	8004.399314677132
3385.04689222523	2086.490248878987
7099.734070911867	8553.213435328742
2739.4483266216153	1363.7967253038807
3213.1702751754633	7382.253789492977
2375.043679359313	9281.005456025567
7296.381081191682	3149.0912851028074
9207.499721229507	9636.721431238364
4726.726060534001	3843.6932921871335
422.475877341153	6287.526918818849
764.541618167337	9552.837338376923
7513.014261189027	4667.474921944577
6874.2415301500805	70.57287708351234
5035.796782779488	9086.398147622076
7595.7368876458195	9105.52499598536
9950.829408989573	4867.40219983679
3835.6187556330688	7158.099709362902
6247.01230107829	7362.417943212959
6191.690744714555	3275.4137438101216
8706.434933119934	5675.711449370957
4981.079292215529	1839.0414236229624
9123.133913932888	7528.760240224505
2011.287797404454	4300.4318925107145
8067.43948360403	3115.9237339890924
2815.2038587151083	7351.121439753478
5374.923176632267	28.847936433353816
7065.210459808763	8399.62533275974
2939.3580931378083	8368.56231689566
9188.184595608296	6424.164390963064
4101.9867323352	5017.744356332736
822.3222585359724	1280.141663428801
4954.782664359413	8711.636257527061
1688.35178479692	7363.556942208987
4213.289063379431	3024.6226074130554
5691.854153803501	8166.306570446755
9964.999031153839	2680.4857878267885
4630.037100912755	6706.583205058544
3562.1401041464496	9697.87685011627
2745.4599124516844	3077.359653106505
3203.1131760648623	9798.551347250568
1550.8374384095148	4428.199356681434
2334.7247120236157	6234.438496601863
5843.202584097049	4580.408587199087
907.7484780818878	7730.626255527632
8632.338329549544	172.8077865886568
731.2334306661938	9594.858006529326
4827.533870873431	7745.164872943517
9696.376647380328	2210.15899992175
958.3646483189534	1488.5979865205522
3478.659828467505	9105.716263570426
949.3283674741016	4527.026837119525
7477.34578590509	7592.163849419507
6024.816199768233	7541.0087701525
6214.323026875882	8550.927169431638
190.03736766995294	7305.067251412955
2189.665473660939	8383.307039188117
1415.1532821088608	4281.883880898242
1279.1834581814733	5353.49491755939
2644.0223513716833	2801.492204956433
7159.614480267699	4600.724928050302
6055.594067893888	9550.874307880667
2960.0075616851395	949.2875088027052
8625.131730823981	6109.131051766692
4363.2328642892135	6311.1430859520315
6964.087028967857	9085.65705867003
4719.451171506025	8954.389598676818
4661.584024737712	7053.522804462441
9383.758173935365	5201.854278792614
5907.11928293857	6917.528253713595
3453.1167833994045	227.59616399658844
5043.217388163563	3616.1578263886863
4353.072950569876	3535.1188686690903
2878.4253524547676	6128.9355971909345
8312.65393230076	6429.611792156806
7085.172615720916	9645.440566060444
7666.221684001294	3337.5520789095035
5813.656991524797	8449.511292968493
4133.960773694088	6180.514771148214
772.0664912473319	6581.933601662044
1758.0616642750701	1176.0569480812756
8455.077750596489	3667.1684487309008
2009.5502145617704	417.05175216186217
5946.722526976612	1424.4474729162748
2731.112360949225	6371.870626098879
780.3447972784483	2330.82404861942
2044.144572972636	6051.3231314460345
2707.5196160953205	5663.537089600203
8123.659653438675	3004.2802289138494
8909.439503754626	7721.309525798218
5832.559653373958	9532.423060623267
3178.4202028618993	2408.9673313767657
1607.1858764042236	8555.576426451957
3903.8107333826742	5567.033430889189
8698.941993126626	4412.59594576522
5315.74363503886	1437.7125770267062
5902.179098044855	4548.8037369953945
1371.791219940881	2480.955663074098
4236.420092843389	9519.471332776142
1915.7429500609223	4389.0480838841495
7701.392967798364	7029.872200901957
6294.35298367092	6595.440516519554
6186.234503656538	6835.941498074315
487.0523243115143	4833.302649426178
889.6119669192682	7245.589928399665
9985.259718889632	6371.545550232023
5195.40676441102	689.2425245351019
2152.0621703317897	440.82682503521096
6848.989747654547	5369.183206005594
8599.683065892572	6059.312714434516
492.01183839196136	2350.8023621211437
241.29022892168229	6977.746039378737
3139.021280444838	2624.863581801561
5105.3422665444095	8785.622839391479
9017.114415111626	6648.417025692346
1744.806758544223	6355.057744302593
4340.209863854882	9663.00496333092
9130.230763517708	746.1755239309742
7052.434397317007	9692.319994043119
7284.77792216172	3457.635458677224
1350.4948575614694	1537.4935011103942
1600.993042371226	2478.159478398395
1882.8009701676417	9316.703951002772
7773.190912838853	8979.702920912443
7923.49918144592	2136.8141110850693
3586.011923668032	5690.170069378595
3532.459604169338	2338.2604541871433
8418.820522398726	7993.34040601625
5737.661025509039	3420.4329072475834
1257.2719140045451	6625.944410832867
9114.294741574678	5233.298534882533
3247.5036001933686	6476.585002302937
1785.3129114748979	7312.041558418022
1385.0583016101382	9438.470227447033
4831.028867051521	7335.003567819076
5799.778647583137	527.6901073756735
4370.767707924001	601.2241070042468
4279.5560407665325	5551.032799866801
3167.463022010315	8152.402406203615
4169.95990091292	5492.102138692704
6506.476751478952	5705.1083149314445
3593.4105693981687	7481.764785784312
5312.818494815984	2912.5933640544
1050.7011369228646	4728.721133952671
7996.322879632831	2641.565725345142
4899.3134864957265	8108.2576386166165
1352.244522757794	2927.8062216438016
1947.1168397479798	242.00584431139816
9995.107790796339	65.52272879386534
7456.673669102035	8848.799939280614
3266.5530046016365	9888.852996759742
7224.521551379755	9906.485599823083
8333.299293868744	5719.942128629926
6081.439959272217	2736.804715566491
8279.243345964618	5686.534434074607
6153.849307797137	8510.242008809857
4396.100023577053	9153.042486223501
2533.133840068922	864.9859237135638
2589.8802989815363	1862.560645652368
3618.816292319965	2343.923292093284
4845.89908606913	2053.3145172110935
8333.157560452244	3175.850413521498
8032.885906846368	5291.552866539426
2648.889874990894	9561.852898181445
3977.171414754812	4053.8968274845233
3428.4393318748416	7075.065030060194
6700.809681297056	9195.687068149902
8442.125157882167	1041.7955728742168
4992.883842189175	4357.876593135031
7614.476511587684	9844.261224503554
1071.1393902254217	1093.5388683044812
2041.9316735926218	8969.94305092103
8991.474530637148	2036.0726301812947
4131.842791309491	3329.8427131091325
9675.712485661148	1784.6990488012138
4331.834709592559	2877.682021653071
2953.464841619411	348.87010908039804
7350.2182946085295	1884.3550550959776
851.7946471310145	1971.7138294651659
3512.2912979786315	5356.706908753237
516.768126410423	2943.6620501705725
8954.0067390047	7036.9812728323595
9613.884651078439	5620.921370223688
1723.624225709317	2179.0394455335727
1829.7568274684927	2279.4654394344625
9543.603110994734	4869.726780928259
5185.309582652922	1663.7378305903417
8979.137457644401	4048.519001493799
1271.1520002397192	3130.2734337252114
5066.371167131019	4575.855139941072
9228.6728043041	8139.963787551981
5072.474017779021	9710.323778885513
4325.7943356357055	6518.702926676444
9991.398009153014	9177.135889632675
7314.216089786806	5384.667395980087
2623.279795501534	2645.0873565963107
7405.364592423001	1931.5048303971294
1642.0834816798413	1876.4705223404544
8665.161541761485	7360.21024968346
6925.235737876061	6074.173009758398
6903.110061132574	8168.496716701397
2600.6291817714	4022.45494567402
1719.0898587189795	2734.9759780078552
760.5207771918698	3502.667674692744
6271.643404105324	5676.479436027267
598.4910128484988	3162.4447186176076
5544.424816244986	9810.368802698385
4844.7668371933805	4526.655826924954
2412.8759322058136	5719.7030947414005
7806.854633355507	2160.6825278369947
9651.081049893815	1897.6360549599613
7066.570874936156	8131.342517958704
5169.146223896345	4238.443040408357
3941.1972111154014	2858.051431556119
7234.338373670052	2246.086869320627
6185.624780142005	8206.578760491358
6204.607413802286	747.248180983443
94.00131576579929	250.0180316679823
9391.009332636693	124.26321490141667
8153.525034260542	8506.360668425998
6065.936813175615	5124.425640268869
2709.6778782207475	5659.325003625717
346.9549535039163	2155.626614506674
5721.326899918032	6778.858447090876
711.4284326727161	7644.321616900735
9615.764869110735	9879.998560388689
6235.0202345944335	5510.325876352615
4497.902435257647	293.5407540618873
1297.5319953476317	103.96431185169752
2524.4625739533944	9769.230056452134
2462.4429234292766	2054.6043459706652
1123.16956254358	7491.956262946124
3511.9010219335432	8395.629015234257
2918.569062269333	4263.698723845471
7206.805111673201	5059.413269702072
1720.2485798067025	2988.735491830492
5242.0115646569375	9376.888311663082
735.8763558665194	8296.891989413001
1079.586187572561	2569.790745895787
1290.6134194100139	5649.3739091896205
3868.4158852907603	7389.710400687752
7766.091713071528	5593.992972965337
5496.381534724226	4036.569055430018
7216.299332223783	1971.3606455557042
6971.690791045861	8280.168119025288
174.34594974139793	3820.890498028161
4792.847826988377	9311.975584616517
2533.2273722486975	9495.21360022713
2742.146190605752	1270.319500435505
7065.35015909634	8063.880246201214
9625.43908486634	1610.685736265437
7139.709521045288	7471.984898789486
8881.354552479426	1533.8253656949796
4502.266252979954	1116.6152925805206
1695.9950137085445	8537.894010545297
7604.198179569191	4513.798310289635
1284.5637732392602	8826.863958948765
6894.349929872352	1550.8710024722673
2339.244671486664	7785.962769003004
8736.34051400927	5453.98205829588
6293.056149475463	25.906260250561086
167.43156676865766	3047.6852835661593
12.287061000860744	6601.214490849421
2585.400414652687	2143.3573680861405
2805.517376644441	5923.912363099448
3631.2968439979386	965.4373111515347
4225.112662831647	6622.426066299936
3030.113248239689	5409.2478978307145
3037.475511927705	5136.516942626477
9958.027757217653	4621.428328247247
5951.226386320186	8192.591159592987
6624.030276873565	7903.771662610288
3217.8744948309422	469.75861530376585
5185.370519524443	6263.524583490568
7057.436476427223	745.5110491211026
2860.4227668259055	67.97635230476828
8011.842982203764	5600.922184404852
3159.1875061434794	208.42623217354972
3791.8708223299122	8368.776624536167
9520.80109568069	3938.3836010013597
4958.72405998519	2424.052967931548
1329.061011235877	8123.126361091385
1869.2825979035354	2144.706642129234
1271.1156774077103	2022.5009482890766
7714.423384605769	1911.7060192541123
7311.107533908329	8926.119119713865
3192.709734685426	3370.798734364705
2169.701644825539	969.8683166867994
9387.143178996517	3844.493684010946
8132.067457238036	4284.92208691993
6750.5476987764905	4261.26416082789
5251.028521109141	2265.1970750198316
9755.56283988524	3259.993930985591
6568.729954984174	3186.4750595560445
8728.10163689957	5231.199294692844
4849.31749035458	4670.168139463025
2658.525609209176	3972.580441815633
1496.7598524441185	1556.9761452275077
9372.67713955261	364.9662475798454
9826.090851617175	5640.4478526176845
2345.300187457383	2015.7395049545246
1662.983817434075	5407.720549333041
6651.274419877197	5170.335403391977
8365.713360709144	1444.4884648693635
75.47294197569832	4358.432687084134
4795.202682358154	8483.5007780834
9239.947614871999	3219.9604013550297
7502.989522632434	8210.670989818253
4757.538321448997	747.072190044199
6463.5904770951565	7890.134020043395
3883.8896117291365	781.7430327159647
3046.879742682438	8629.357481546722
3915.247823459346	9024.667642959084
5607.741683754942	3677.6792277341665
4667.310438916537	1039.6525563538705
8064.395748313811	1536.4104310099135
3770.7790913645035	6778.708182889967
6143.4318378877615	855.901838725468
4232.165675976553	2006.56308174055
588.7406484956625	4104.747446900997
9733.790628295974	4669.343118547008
6563.152316646185	4818.555288771532
9484.799717914257	4730.666297441483
3715.7539681415587	8870.488098713158
1085.4209478062326	9289.423018732874
1944.4803406637068	3653.0365858680348
6829.568320266954	897.0307186807224
3752.7247146616037	320.25907569316
6146.2977234701575	5907.9619123489765
5280.35136314312	3311.981148976001
4468.499970816053	1425.8613793991892
4583.635272913643	8266.219680309154
6717.618215661864	3948.5878805596044
7545.29092411106	4123.358427121103
1806.0595454573936	169.02674648735515
8914.898664060218	7735.367774957303
3084.362738015883	554.5380340795537
8411.671429698257	9615.63029886456
8498.078339045342	9306.416988917232
9565.650847021208	7599.69259637243
3369.7046024622455	91.76701882557703
2030.0571183837967	1134.5377166617875
8183.910724977057	5543.6906191940525
6466.662460673966	2673.732842833747
3529.6797209547317	9941.726607519184
4787.696341069429	4228.072455204397
4440.880118721971	8712.977141625437
7531.929524822482	6506.105927090214
6777.1766950786405	5435.3796345224355
4459.228216718307	5276.202333988139
9000.07874589379	6878.0966736361615
4067.0084666628736	4591.568811753344
3724.310348139913	9280.01529373164
2663.660927779068	9341.90982794041
4762.583219517828	4545.857245586366
3878.1567044002863	230.17356336717975
7032.242436648408	3330.4212337009444
5041.689536693501	2720.104762251929
8655.143945085852	3084.9942470941837
7746.341249018043	7760.080351583275
6857.511229198449	3055.979991361374
6067.411556284183	6160.977934286144
1864.4193732537706	4954.314736977404
7430.177524429614	390.58961404005555
5883.930634921403	7555.250935454403
7908.505100582277	7244.353900019373
7488.809318978249	5841.607285019047
5861.862133612966	2361.9576779963204
5229.125859425647	469.5996731101204
5248.931350664783	2881.6077562285036
8146.9550141863065	1314.8814782817665
2700.1605043591358	7658.555547661528
5014.762619614167	9647.438400369083
488.2234053465806	5421.708253698543
8581.965551697816	7087.4993247978955
904.5135147636207	1.936563882911635
5889.537863870628	5910.637734467593
6231.425411964949	8337.94931595206
800.4354817685344	4498.759036575544
2494.3245536330915	1350.3718255682074
293.9885074635362	3774.67552034228
4483.743674572866	9971.931628220544
1785.314485572267	5311.4987146598005
4157.488657244405	8631.419601044701
4756.187247246407	9474.082478621434
4463.970729052344	6311.359723920974
6321.691875333068	2428.2754263004467
5872.22927544775	934.08918335528
7007.383083090644	4144.748622937064
3450.747584236965	6278.21228454994
9974.55885708281	5627.688612575544
8206.301402824483	1887.1602767915874
4206.6494261471535	2514.652325481902
7575.7260871303815	5503.853240926954
9757.610635202773	3922.4060732371045
6457.626404374068	4450.22514869332
1063.6067345991596	9954.574990069814
1977.6910233744893	7067.642956321224
2532.1515182420253	8640.45722029732
2300.4197301322515	7844.009492913146
9148.27518092743	3240.3626900832314
2231.708157884943	175.6125345393844
3675.164583630588	3831.3554979059904
6100.874538514928	8846.541399644664
1177.127346088439	2878.2997422228173
1467.3592424180915	255.76492935097673
1055.6092842975784	3098.6120523344516
5566.462199272417	2181.724750541898
6564.395625062794	7345.154157832644
90.12594815602237	6446.564184695661
1858.008033271672	4460.203220168902
8892.915899598223	7226.884124147771
7027.705307749959	2094.45808007097
7519.985165684117	4955.174470392185
2292.387309942473	7338.555930185146
3072.9551205273788	765.8413303561617
3537.0873491143207	8680.586799484394
7861.280834197476	9262.015085670466
2729.6321633917396	8281.61053226969
530.8165366161644	8014.086710117266
8396.440674971549	1852.1975936102974
3917.929154375139	648.189742485571
3301.318538885979	4516.526266446198
9746.654097927338	6642.607330767626
8746.501390081581	4966.591908659559
6468.027636670715	5022.353395208484
7503.086102735448	6937.590748017474
8034.867961353964	1026.935585723575
278.3835940365287	6576.563246491553
8211.921635708672	4523.583347808544
3840.613085884651	6629.895478132288
7140.427787020803	6447.979658367226
2446.7544615221273	3541.290922172139
4307.798748029096	4876.809485966373
8057.257088038081	1530.3416615136257
4817.251631418293	5471.197645230192
8971.705684737746	8512.846898204023
3908.8682256430575	1977.3749100863192
982.4219470759632	2327.535881966133
8052.7023022235635	1230.6822372280158
9918.382518943306	2149.873402028638
9616.190492729156	3681.281146094977
9539.71573315084	9202.140885974766
6102.265908236425	4844.710377975696
4143.435881679404	2909.9969682669757
4261.217717729519	5277.687347349708
953.9615368417032	3509.2443777737135
3998.470967611877	6689.329193779855
3397.356585960569	9772.53996505978
6932.111347739641	9620.221017304944
2696.1220129371586	1004.3032530879481
9698.11616057834	3756.534924017908
1871.7570834821918	5743.092191236505
2657.8921185265513	5393.66541942926
3205.2025529739926	5714.233103966473
531.8639722360796	7823.60862141337
7480.661660786175	2491.5060623650397
2664.494631051564	9492.585897886805
926.1947186548891	6055.200347403774
7120.266150956648	1660.172130946025
3664.866962652975	8974.87640778968
4616.779251117274	1988.4561776567223
1703.1205624407198	7298.679732116985
5420.282325797137	2999.5275953654277
3008.4377344727955	9397.068918249972
4760.571709381549	4661.849028272533
7066.243863283703	6987.3434423662075
66.35316359591026	8500.838855145876
6456.398540276507	8356.357893658913
6378.787852223923	6576.2527323841405
8452.508084232992	2402.3404553661344
4670.093506982936	2428.7229827402966
4422.683442452653	3532.737554150528
1475.708332771698	2670.0754336444375
4898.263876129339	1683.5290184151752
7242.664564291389	7276.809797430559
8577.407454569102	8766.468830573995
5103.465386436949	3843.4006677683396
4243.350627986166	2704.227831330176
1403.8902200746384	6061.8329067658815
5602.522274866408	2879.4235878643935
4244.80372355692	9516.057864899756
385.5912374891879	6302.04500051682
6542.177803813975	8514.819136089367
6704.917206114978	2090.7893150543123
5666.1783540412425	6133.565837222086
1624.765123752573	2967.3487856419033
2589.3098011314964	5895.9298338605095
9176.030675129527	6378.6966078854175
9655.252196182333	7597.51773381354
7635.122604571503	4590.942259975575
7574.162151227768	1659.5269492440257
8787.030351906518	2639.3325522900323
9056.854719910503	6096.965253165464
5105.4993273155915	5372.505383829138
8619.41926564312	7696.017593190243
4308.629889381268	9995.100770079904
5521.466488306855	4317.366795568845
4586.098122533998	8491.36549456938
9545.342976684164	8377.046030669682
7944.599911241368	5103.393097757357
7380.289283033604	2503.6614436065065
3580.9961498527955	7641.159638129235
744.6599626789218	7130.590913106424
7968.039108124734	7817.533734291817
6060.965261884586	6354.031590311036
3425.444332706413	5029.950267036391
9492.629701279542	2772.53304788836
2349.46537931895	51.45762502723805
458.01086908584756	4220.917220813025
9987.017771047582	9947.358996478333
1356.3562313772993	5321.256356876347
4665.791762703083	3199.6890584640314
1172.0208254162644	4595.841463290029
729.6815208744011	4500.278527815151
5867.4045082501325	3521.840987796834
6079.248803682204	1964.1778472384985
9031.713357701892	7354.614959894967
3179.8343785266393	5618.725568413409
2121.7861971293814	8806.416818375434
9675.314157048067	4939.560783676876
4812.871324201748	4739.476959840848
2333.3925998983295	4933.399849101437
2471.3747212304615	2917.234007416025
5948.7156173703415	4808.406411799249
9568.24778773553	554.7374815708816
7042.975074931669	626.5070762303537
4970.815079986398	8919.018013118994
726.5662111834781	3498.0098375749935
7482.494194843842	8552.483736103084
7924.255240300524	7857.413378332733
7743.987582976726	7827.166701418668
9317.696577998131	150.29494875271277
5666.177403151447	3484.911209670729
1820.5395370150657	6864.690350961961
934.0909407848441	5578.357635185815
3177.245732093803	2256.393373769562
7802.943193683476	799.845503474157
364.63598222225005	346.1137148500282
4401.406316967952	7570.122645534627
7875.572824418448	2807.4544963248827
1063.8955650431692	3456.012273927298
2677.0751206252985	4218.179086809336
1832.8029394952505	495.95665849294426
3660.5537532664957	8813.257121721714
8203.246838497851	6834.622786824695
4739.746850291077	8356.697058952426
4427.051271681088	3702.518697839021
2402.322784369434	9040.178974206285
9249.306604283018	5223.83488750398
484.0135256233569	6420.03026609131
9820.002478323602	4795.493601985532
7209.523997645922	1320.0899275432687
9704.869828083487	5852.6516105174
2132.3643968928272	6356.532476221967
4413.70055960455	6720.6694699876525
3506.132944762962	2281.7307359923343
4671.066560065996	8950.82237178792
9832.672012619225	5697.757375844676
9773.485813955074	6046.800939177861
2857.913111237683	4856.1395171393115
808.7369181835147	4811.30606103708
3124.1124404467946	8238.993732264476
6257.155480902467	4676.815172149444
3337.5688338299815	1407.6882752881215
551.3910314108073	1331.8609029543516
9273.815818767149	1208.6934870353273
9540.240895654919	9713.925067655886
2717.6551691362315	2842.2929834654988
5483.8202223347125	8012.322863586717
6023.3045498765305	4528.354156558064
8201.467080945124	8709.212757130055
3280.311654046535	6544.358097134365
8300.42023234581	4884.134713703438
8783.78467834611	6264.417251118306
3032.454182395551	17.246038745173387
9532.877101214473	8494.018794150423
5257.286882896216	7348.688792213431
4819.3527572813055	873.7455039847331
1235.7257043507452	486.2877559834755
2618.4537858121125	7416.246060888787
3532.151011040493	401.04550688439434
9457.179648329407	9344.242335487439
1175.0830269452983	5209.663678360964
7710.477347155383	1313.3702449772388
406.21106106764614	8215.5903919237
1863.735122733471	2832.175673144495
5842.413322021218	6564.850157872858
3180.3602399319307	9232.594527556375
3681.928903842495	7570.192430222443
426.114187751061	3897.7676901113214
5704.988038983347	2266.84302098882
2827.267368296561	3620.052817916164
5250.848234239865	6085.4256402588035
277.52863320682275	1940.613551596443
4097.318407654317	4662.372173512229
4959.090023932819	1112.9800216563424
2225.5028319234116	8755.416560956293
8006.027032177438	1936.4925941633892
821.629078025391	5991.52345263837
4613.675345735515	2121.5540280974933
2549.4708321029057	8746.879559987257
1085.502890781812	8077.132568870729
2121.011948122139	6843.328701752931
7709.381222008853	2051.9737173057683
4499.643707132061	942.9058025668292
2068.057533836367	6414.4919377919
7689.323460549666	7531.8904451830895
8414.011394143377	9522.334493126487
1994.7678192142814	9208.061026199406
76.77675079598045	3111.1188432100944
7881.887940476991	4619.599530739326
3521.1988200212263	9422.864375990857
124.32389231717633	851.3641424047058
4637.984435979211	7398.155091791095
6791.067349898845	7314.010105603529
123.29719701352882	1172.082981454905
7811.805616324439	4263.7017363796695
9392.038133457023	842.5407182913092
9350.764724800269	964.9351362789005
5369.843859942067	5020.444853612951
7026.460272834357	8206.24266251367
5721.725175749452	7024.9878436329045
3133.917870266195	7388.324528477224
9600.656561572212	1753.032832105995
457.5529681626067	3726.4195041247963
8837.32499726173	8230.281850594894
8007.0503566439465	4243.485406874541
6642.6262334221865	3642.8594200944376
2065.2190765920973	2178.032229143779
1357.3993663423057	8251.475537214046
9305.940191596952	8190.212645581064
7559.269352042757	7006.342055432937
7421.9656598636775	5322.042672758481
1924.3703799472455	2909.535835766358
2696.469113338288	9052.387644634453
6642.099847884032	9212.514499247782
3258.8840072588587	5984.619574588056
8893.954595810197	2390.009278963656
1384.7150405507225	4714.609941589395
932.8870876298768	5497.534209184273
8130.637415029648	248.99661741781708
1637.508452236578	1998.2639385908751
8840.35069878766	8978.422112204218
7065.858600517958	3436.0523073670424
8613.285976997613	4657.706845848402
4496.354169985084	434.87543382889623
2697.409692262982	7104.6939649078
1718.9122168807692	5421.003700660853
7949.00974836243	4401.754943314801
927.1440430699762	7192.715107017553
7996.483562364802	6268.725216448775
4462.898450093999	2003.3858259199233
6551.795854338188	973.2914163810935
7877.327768093082	3177.3059524468995
432.4116233417918	654.6301947187327
4298.0387587430905	1443.5821622030064
6288.147105861542	258.34994124903864
2929.784518735076	1152.0078977042326
2771.5276380377363	3415.568450017178
3666.537763479548	3325.7978650552122
2946.8801526816155	4546.209760717981
9255.683595451104	5109.593031275973
102.52355950102765	226.38116996543278
6230.456172964896	6587.167911664703
3812.0718536628474	4431.948484353565
5914.633792378403	171.77662276283147
2084.9932837577003	1655.1985459359876
7203.903312937725	4813.1004181294875
9753.217945802924	9088.743231294999
3541.1855350183796	7118.264454901551
2859.7222275101276	4080.5786567567047
7528.6150442262715	4150.418125345678
3746.6650014770153	5886.488672207994
7956.749134450476	8146.878215932341
1784.7794920681215	1380.7404098531895
5681.977081329025	1689.8592991420812
242.38146904398295	2833.2868550751045
6745.989262832564	2966.323420312994
661.4796938732381	2121.4565445125686
3406.5565916593964	4669.503052829271
2290.1261786225637	9816.379830022192
6336.760411555495	6823.161829836227
5614.276363823639	9469.161861357183
4150.20648291949	3350.678475142873
5839.079139597713	7119.079734355295
9622.644107358814	4564.548745331916
4288.645725615864	3555.848568670127
5505.802650995787	2917.9226462549923
3124.9978545425192	2190.2648943150416
6667.1519772230195	7338.3021328997365
1531.0295353391923	8522.302196027595
9439.676882208283	2254.548787478681
9558.959729284927	8142.99951044934
3528.6553628395523	1031.859559011372
9214.893631870593	8966.247209165142
6597.810376171633	9945.386572601317
1031.7526862175707	9958.84436552437
6745.106544049384	8051.693996247097
8376.967825567874	3021.9618115031035
3478.8458892340577	358.25905022147884
1047.9808935734948	6874.416792426868
3517.610111383015	6544.740972233015
4327.72951175611	1797.9245842531843
3762.9869665254932	5155.755597321928
9603.941086749306	1926.7644352513037
131.91215479595675	3663.4098371773293
7900.192091650786	7399.056101315915
7585.840697958775	8088.867961156538
8223.339151113369	2134.1151388442704
3656.864691145416	1975.7328891705927
8501.062151834663	4260.117351327144
5046.270305546972	3424.0459039573357
8064.90355996768	5288.565935377748
4458.931581891963	622.2202897709294
7128.327304495666	1016.8292206503615
2737.3191382812765	855.2412211730143
515.9624313745815	1837.271451566812
9571.796120286694	5320.981587090773
19.336627886041846	2641.272559993014
4589.267986090016	2252.4967222509163
2186.0442992898534	2828.6971637950496
9460.133931824475	3822.675743935797
6093.4376208668555	5068.133758995881
813.8900458380194	8098.648423133177
8714.565413905617	7400.498644327095
3216.6141239386047	5916.853393939026
3853.23019538774	7038.357512142029
1238.9622471372163	3965.6985080545337
4306.667615452302	5785.587979040635
9731.188826944586	9591.25225466533
5908.502887364692	6386.769390654443
1822.100027642566	9882.424553097642
6411.267137671527	6312.952895699846
4871.736967934797	7445.610538216379
1786.9105432071142	500.23042526948336
5632.975383191264	7944.786219877917
7455.3774166336425	7379.7874735226
7215.122643149139	9961.55831973577
2195.458587951088	3172.8866870843044
2092.9801415586912	6020.692602133744
8048.770805965982	7871.501239662127
7367.72998171578	4730.150884780566
396.85633599974346	2585.0756988363423
761.3989790548692	7900.692551181175
8573.037282276548	2006.1636607103305
8414.538964106361	3238.6057295924675
8864.797819410976	7632.452440295608
8457.154650275495	2746.1497473986374
8569.10720250756	7079.952995511792
7535.804758752045	9317.807905787111
1882.2408648778332	2331.899089807858
1005.1846603191161	9186.46581227624
5837.29597348617	5090.16539980858
1330.3994522293383	5852.141434687035
7246.735816290264	530.7770188384609
3396.5159476038375	1916.9146438055352
9663.939111017085	1712.3528764758778
9884.883877362683	8853.215431624472
2746.877688761592	5646.088087281436
4651.097775170594	1148.6482150062693
5088.6727920695985	8608.14707945563
7127.367893112094	499.04244192212957
5573.936205746446	2660.1047249589806
6172.456343868355	7762.439030022731
7626.429942025654	7540.3370436075775
7505.224510912833	5240.233829082001
5332.729085977445	2099.0326433263263
4883.232889930199	9517.718956045597
358.2071840589185	7271.756581986185
1525.717785957369	5574.774261744518
3815.802196061502	8221.26737644071
4930.667960771764	6168.4801470325365
7804.672469094023	6724.5517324428065
5198.608452476285	6592.938128291356
7204.976794562426	6141.809463784851
4251.094004050055	3837.5975539660367
3496.6690859449914	376.38377154418424
919.800723281221	893.9095531251506
8864.3275579165	5119.3986544398185
4782.500975470859	1501.1368749765675
656.6831133672113	4370.134079887302
9835.09058184208	7975.669812074906
3388.654817757358	7732.929039471246
7614.233896633094	4934.211388877275
7905.334409464497	4313.673454853234
8223.07876364414	4699.712256338468
5071.510900200762	7173.712272052132
6862.887142904168	5969.947725642206
4406.9558905056265	8246.255374851698
2936.3131509398345	5932.150852090792
6456.845859310719	7380.14415116945
8563.458490433968	7423.125432984574
1368.320524039639	748.1003559530819
3439.7181897054475	6962.781327582282
5138.333314861417	3241.3432930597296
3364.823604482262	6530.051361142532
9304.580862870102	6669.727850221646
485.38059777159305	1803.6594702340458
9470.439823971288	596.3214130517624
4318.5934766264745	2256.232607441888
2986.4846425969326	5457.6054343498545
3962.746663257768	3968.758471280751
6355.298422217841	8255.248950072624
3550.4209319484416	4323.409415272265
8482.923893211213	9552.671514390115
4963.2988376579315	8836.268593869205
6769.453414594087	6769.376227047383
4102.812231762025	4307.510204424188
9212.886824398634	2838.296750329745
9598.772212619606	9195.098901495017
7194.532656072634	1176.1758911054742
5738.512947718192	1659.0931821616716
420.86926448476333	7614.247057322141
4611.973443862842	8077.148122481533
7615.915072690548	7446.267795399583
5993.526591541068	9997.835147355856
3989.812155962944	1073.2103325819564
7319.26457392671	5476.9029717730955
9253.452121612625	4858.686776537773
268.8289922496678	1532.6305214439385
8005.625091287665	4756.447902112084
4923.774689718663	8059.928100020403
7688.3093764642645	9031.059928358565
7249.84174799618	9958.864124265408
7987.358741089746	2965.135741996705
738.4007489673594	3461.8114301538394
9549.987457932231	2831.251665381326
8442.728265916183	4684.4178228133815
9197.091150385157	8603.956691945608
7357.662225187845	3279.1248045916122
3427.586037232894	4897.041910062941
3116.5713212790947	1735.9758375517342
1943.5856140331964	7433.503574923435
9317.47023470739	1353.9636287727596
8169.374826312003	7990.399496989271
2440.498555060673	9197.191591050683
4293.788459777137	4208.063455751567
281.87333666930823	6453.629979016049
4234.730886533048	1912.9117322898126
9104.81610782457	7530.2744015863655
9106.224226605646	6675.334235337019
2295.8450654056073	947.0168254245115
6262.507883351779	8208.934660095618
1215.2142013315436	7632.565388462197
4800.352766971952	5914.647315188941
7143.172480369362	9579.261786644383
7519.898183355886	6383.0243037766895
1749.1053873039841	1979.6572409130642
1775.9528386606705	3990.2505836151267
2348.511314558288	4946.2282907155995
9395.851111487424	3858.214104331148
7363.160243339828	6706.627589879166
8896.589189752842	2396.218976254012
6862.666038044947	8770.3787590265
1603.1078922979148	4401.698898168156
2841.1005648512555	4978.94354023699
6951.232694368085	7269.552897304858
3970.163472283098	579.6016364176271
1252.91860471054	2244.4883469769616
9970.815950609349	4504.601663850388
8508.08957405896	9848.027507280645
1458.1759621256463	7890.555766860179
1466.5024937031624	1621.5924716040176
2139.861372078501	4539.066896987947
6074.706803844832	3149.3557713495925
1585.8611766017762	4498.093267201738
2687.312274520832	3959.3033202175943
8438.403337755295	234.56994860379888
2978.4136865680566	8348.227752549194
5893.179090242863	5972.323280817748
2358.1689137321605	7436.131920909006
3558.6741053407845	4685.329419742906
3881.1620006939906	6827.787777339944
2388.2485221390193	3964.882606538769
1127.3244680001183	6143.966411654998
2279.9962630486825	1520.2584640853966
4342.830591196335	6382.112777346582
5152.306988265492	3425.9685066403745
6247.521029503598	8576.01191340073
9828.442869825443	3394.7186881180824
1347.0516677486933	2546.254105306208
8901.335126673675	9333.704979177995
5332.102390304816	7668.074388403396
1900.1925700583022	4232.885963825138
9203.625201404484	8530.405905553722
3543.4089295453473	2037.3983199941836
6132.246251081485	7119.753594450123
637.6436059485735	5572.287201601571
7741.5832288402835	9734.760772442014
6270.841414233873	2816.246330640635
499.37530015234046	1222.1032792708074
5347.349644899151	9862.074022880173
2206.96486740926	1321.6174906608735
1226.1777868548995	3755.066757803063
3196.8129765582166	7918.3261844511535
9248.839333436734	6066.593795785881
6779.366904817834	9821.301814369484
9281.104612963172	8538.601050326775
8724.743807749186	7324.061332614341
6043.381675453859	5425.820322523771
6121.330245131583	2248.4629184380833
2967.3375704186233	3265.9634152736085
1822.5421239831585	433.83094365912257
2591.7601148667723	7724.2085906222965
1874.6268514061094	8705.3093844401
4098.5485224958165	8886.791184602234
9812.532094724551	5240.20467734023
6490.118985096094	919.5340140928677
3517.5073921430776	6948.344299952286
4122.3944746831085	9360.66416422257
7449.239983421946	9992.248026438236
9832.942597763145	9483.279906075137
5496.974753407786	9895.166090519007
9741.714443137851	2141.3500946033414
7438.202534528856	5819.81456946151
2952.2310055378985	9304.134875627755
5050.143400291061	9547.893247227858
8843.949273157574	87.44531029385772
2288.394102780037	3450.2452563429333
4421.934723188183	9506.163517704963
7628.747737895074	3309.7788987005283
4277.856321592165	6400.96660995198
5662.332787802974	1244.03808685849
6116.710728132581	4033.2124615078137
9340.863851368431	1171.5762961725507
5516.572774958286	6695.46051851287
3887.9318348614865	4276.049790608478
4614.061503005978	8351.11402866328
8323.90516746691	4744.21706264646
746.09705848941	4795.192733118891
796.1548511775218	6688.791452678158
2728.9221982550725	9119.25038598391
9462.953213415554	1614.3651374372014
4418.244715585966	1366.9778994749215
1548.5405770874615	2044.3825995449884
7469.7537284650325	7183.040220743914
9368.491540634892	999.4114708439595
7807.147691358326	6986.213925859791
3618.65747511253	8901.724124727369
3205.210382207525	6738.911344764897
1027.5972090786545	9178.46606727372
2608.3531762096877	3738.6832911380775
5591.551864542874	1345.4541962129929
1330.4386415242063	6023.32088271818
42.66035843734972	5675.9169764049275
119.58922951806672	1959.6819032184787
6945.251131213619	6693.247897690757
222.07377917913718	7377.385929396244
6871.688124600216	3674.1135012687864
1042.2577352069861	1212.0423601455689
4478.386559636307	5108.024671118546
1770.9941335438673	7038.6858098195835
1984.259925857037	631.7376349011172
3442.716917375105	7104.608519486625
3547.9944114376117	8341.626175295969
3281.8985116615527	7511.802179692802
3347.1925379007184	7584.427029412614
8912.416128442714	8052.728153694558
4781.563001018389	7336.524679166643
6028.764906720343	7869.1553433613835
8153.98220562951	8104.212391543326
9465.947149642125	8582.324098881514
9427.383572821085	912.1276592571814
4255.2570980694545	9833.7002700682
3212.0813912459257	394.328659741473
216.07061849055475	8279.108514015777
9007.269080334083	262.2395395413024
909.140225734627	9995.047167666253
902.0755440060857	8495.96650761693
5364.785920891829	7984.498050273369
7435.705153226097	6490.241549270463
8899.766468642534	1010.5664438022421
122.82293004036492	1083.5243483733436
7549.499511721051	7339.798943399501
6269.493403931522	908.5562249949008
9167.695867318556	7143.041498117167
4136.617021640423	8824.922989226681
3083.361715172075	280.21975430548184
6251.950093481122	328.95447757838923
9355.511855645567	1986.4323792281723
9728.437390159897	3783.54765526831
8128.829576425155	7580.275033809177
815.7232136253856	2070.2716759248397
9368.89766003524	8731.311589369478
4593.349421487733	6838.377073088834
3343.519035886248	8052.144863807786
9708.290781527545	5910.092083830343
2617.0311189427466	5821.535591997278
2366.1152964685352	1598.8650041730423
7037.411820664967	2498.5493039601147
3404.201392416806	2706.9657919987912
4221.366986802794	3353.7148698583464
7207.080653048242	5791.133843876371
9380.475183642084	7021.702919684518
1468.120795054263	1919.7211324191899
9981.861965637894	8071.0424380427385
2358.39706283953	3592.045154452599
2699.7601083109544	4789.910283194834
532.7473980472064	2750.4336624047232
2389.710261818109	7303.047459316435
9584.644515367821	4887.7078655302785
5405.0397605282815	7863.366207770177
55.65697009139781	6137.614929009135
2475.651542239884	4702.832897678867
8911.915756325858	9932.988786990194
9582.050005562485	3180.7227245680083
6519.141453833806	7326.183516730785
8782.909625165865	3133.361249737916
579.424959464152	388.5850500542598
4792.39593224345	9307.983507438279
9237.10357204567	1240.7810676792863
7253.8302619984415	2554.350791620231
3617.703099985935	212.22364307879494
3119.1835948987277	3051.292597925489
3433.069240071963	5388.995404586086
8319.276121711464	3261.3439223178766
7967.4427325913375	2380.5481794032225
2997.4453107225154	7535.174336120331
8753.379984787765	7521.052477258393
9979.844130463254	7328.5124998807
9553.055659626494	9918.258734299403
1868.4136254431571	5847.7926161464575
3879.6304387656487	7772.542466607486
8167.966183841764	3606.7594416755046
225.00358477910765	2211.063025727469
196.71399856901473	6854.786744473098
404.40975712333073	7516.739010135964
8179.955180515362	4128.68111259236
6984.966355363257	79.00425440276359
1889.532140642335	2283.2513492867724
1634.4107591569957	9653.07576542791
3467.0610455245865	2271.953125180386
7407.910198314967	5586.728720757112
8656.822701019693	6677.417693618667
4484.972273246265	7558.343820380677
574.5981704476933	5532.701318878558
675.1164551219902	5067.251754270681
8351.62082654408	4327.6042129899415
5130.11275018916	2427.1700689029417
1518.2061819605497	8260.41942473676
6132.236126535764	6335.790064646702
9829.517552680141	9773.994598846995
1572.1187608078858	1228.3407313699922
7386.305987564308	2205.9988335771295
3786.4306577831753	3570.217783706555
9366.364049250551	986.8075977644708
8794.75441510502	3.5331932989324244
9457.816511774305	5234.4298133225375
3656.6622634693313	5834.711848785905
6173.26486278113	6824.42139254222
4664.147942736161	9735.014902610948
6624.1917618636335	1053.739369924851
3391.1957875109224	7723.149435433263
7047.924358028821	2871.0144254939905
7241.4252718746775	4508.878086878747
404.84147578648043	5311.7254701488355
6066.3756208087525	3098.8163101632736
2701.407767298879	2255.28530653663
6671.145728647582	4200.365231130224
1344.9983441359059	5912.053193173374
2580.739299470027	5406.993951966728
799.3802305614772	551.8138898950353
7309.608725642659	6407.85579124
3085.0942391973126	7901.272007725232
5558.530635736702	536.9827487076884
3256.8853094799024	6366.627428630306
8257.088275299404	4862.069754032147
2890.707027341991	5778.3199652244375
4176.67348288984	710.1284465574643
7825.726730889582	1708.5321771727868
2958.064122178121	4037.053676248332
9932.142260467092	8578.075123243632
1829.273084105637	370.4096801364576
6513.51461932269	8747.775021619735
1033.5052123326193	2189.513530684033
5102.710205139354	5580.516935022385
1043.6999225511167	7554.153836019437
5873.439005542106	2063.5963275431636
8009.2736232286325	7553.052466560614
8664.761685585067	2997.0614211117054
2562.3268224912986	6715.4395988159
6703.834478382672	7982.236424399197
1104.7077271714134	4913.879526069483
4512.546104910023	4485.630400198192
8003.976677387439	1483.7511228010758
3196.596457183528	5106.959971022562
1745.4498059582259	2294.5500318593113
2340.9525129887375	846.0197127700852
8019.142986590435	8330.446276128596
4073.512579580474	2641.6583116175507
7964.577709283025	9972.300781676102
1509.1967128776485	6747.127683250179
353.05003884636534	4620.599504757799
749.5722896453206	5609.5933961768305
2356.10659417293	6558.543223618707
2888.5180309064185	4837.605252484969
4730.610379364102	7026.784370829906
62.31491739151718	8568.846727500708
3744.919518419918	9366.075438539561
7482.946730645266	91.49357106913448
3977.3452810748554	8781.356834166709
1606.2828364059224	1926.0335559869413
3237.192552758291	8790.576475582297
3112.205472385037	9740.406685598671
3290.3298056413264	6743.801425899537
2211.636637864719	7449.84809404371
7815.374898384915	8932.945730031113
2945.8067669034403	6643.827716034943
2073.223480980538	1759.7042886285897
2606.0009193501055	2085.9982576622892
7141.787215881151	9189.049493853316
2177.4097506483126	6449.075634732335
5249.451682630896	8287.913220463653
3798.5974032083436	1675.0959305194524
1734.900514778648	4033.4372936040318
1628.4975605591258	1392.506947492469
3467.5982241869306	1772.451156037873
3225.731971209046	8675.062971779696
3182.358586310513	723.5899225571096
9570.439604233055	6093.5182533885445
4113.072828521931	4735.740167107545
3196.6970241120453	489.6171003221605
9554.806105072565	7151.262601295123
5553.997992000056	3192.9058625899374
7540.115698655481	5069.704129463156
6679.15061200112	7504.398547114582
1684.584264549135	4567.485993186291
2535.3459283861735	9187.15001355254
5438.1999542596595	2501.307809316885
7963.035755647683	2432.301980988186
8473.357934873271	2407.785603254837
6087.654274791462	3310.184562670738
746.8982504802524	1709.0979081885725
8242.102671362412	5069.573481948792
1892.7349411770845	4944.184447540963
1987.313708332713	4814.213056739794
1033.2720353867564	3067.308066286327
8652.095605964383	9064.237737830239
4841.942568489199	1990.550341020828
5963.852786496718	6501.136308155464
9745.84879415203	4494.088371514759
5804.667068831498	9798.416803047381
7526.620177901507	8387.84948743304
1902.6144996768546	4856.153649798323
2259.247896943761	380.42472686830695
7356.08377536497	4986.102689528308
522.7943065608864	9495.871071843349
7289.254526965152	9635.097252582562
6123.518684995061	6076.308995871637
7649.781947931051	2087.9455011120463
5190.096104783554	2417.9832726953077
7185.123404743618	8257.066525494114
7432.253870527953	8910.721031993682
5971.840833466941	9144.623479310789
4598.284428109698	5185.48472362636
522.5935137669901	2853.9210125224167
7723.537936189344	9221.98924864433
2458.4321583198366	8130.35182884544
631.1370452992215	8628.111469268106
5009.397192099989	328.1976887235571
8327.796664411304	7375.087780942287
9194.309238605474	2428.0966163477756
5431.773354592095	8157.266351036587
9431.034718932919	8271.012932464258
1576.6078548842643	5242.435480252847
6541.40024668347	2528.0559005502155
7853.468461530912	5188.528259428197
4640.315868935445	2091.512021346421
786.5364548285137	3124.7574003872346
7236.564509158407	6550.969097444263
8080.025214418803	430.0072202515248
7023.098327026566	1209.429334588107
3432.0563209210054	5588.573941956514
3297.5789447071847	4697.818601373786
6079.762486088407	3763.1068491300957
729.285694645142	4662.3218858432465
4421.623104161537	2196.8768981613885
3276.41076042677	9227.484740049993
2057.1850314563	7942.255149817324
7458.143981556427	8979.037506590828
8890.955633657919	1609.5574940050617
9898.847314798964	4063.918158960067
9566.396860323126	5840.170331559229
5087.005796284114	3670.9802295700433
6427.595729538054	30.14692880921599
629.5363602398907	634.3909366737511
4450.318463004805	3465.217480145627
8932.417627430426	2192.738886257891
1140.8018093117678	7475.433694456399
6201.507796848236	9040.389110909518
5269.774820144056	3477.425961635013
1932.7968212705737	8723.634091790975
4490.843610187095	7844.5197438608
4649.233205057989	6162.709481486565
3386.512671642481	6429.725107027392
2541.6614709937526	3621.755219263397
291.7583835528903	1263.8758332829925
884.287806804609	4802.323146506818
3364.2097292314866	9460.96157486511
1620.491403820884	2902.041568227045
3801.63074323182	9684.96265784478
4352.679542066425	458.5682653641787
6851.542577766768	4667.262422041122
2120.2872811674156	9589.97612557648
9314.46091955818	9210.976092202982
9812.902087280563	4846.233387338114
5611.369318747899	1878.3048211031216
7840.888456772976	7302.451413556972
3167.68144021623	5129.282187162801
8773.78268647713	7753.0965960836065
1860.0964578625667	3065.0557837806946
57.110572995886514	8907.370086130826
1579.3851272483062	8126.1019478231365
1631.1776728232142	1339.4799461294704
6581.285270493119	8105.544542657502
3300.7691281298266	5613.544909341156
5229.329721080659	2660.0113205171006
3042.587072961049	3481.383175098297
8977.566774455963	4135.227895977579
4087.647536248998	4342.4572851353705
4997.7764330408145	970.8144024833099
5578.743332500334	9258.759520521338
2724.9231516146733	3208.5152653271043
8878.475241886876	3733.440220886213
5776.230642940853	8700.35895231572
9191.242798334188	2190.4953152815933
7193.400798829624	5498.011610512331
62.975826665184755	1633.845574624907
7764.142862764246	601.8488623662954
6535.2784979116095	9317.656116052602
4298.316202646291	7758.043386753117
1256.0504466607792	9425.759466567459
7165.634532246165	7314.223043677308
6686.537412212127	6736.562007341691
4146.016763446968	9279.028892262422
5695.156016086415	1040.8284436634997
700.31086520425	6678.158737378855
2291.3271155489724	4683.254910010979
5138.261116229352	59.25617967441954
4027.9438486021145	7014.757829057117
842.2231517413414	5570.264158274196
7688.990285080709	3770.918972262959
6699.279360103164	8420.630549943853
279.21750128090173	6433.045662752946
1201.0422136365473	732.0212412633109
8045.673368767965	6481.818436585899
5289.576179046346	7794.953982615429
7286.276352109412	2119.515229998855
3959.508025749354	9570.043172809905
2038.509181253888	515.3153272445732
6870.540171738454	4907.299787684579
5391.704475611062	6919.206528940497
3781.214295026711	4404.206211503525
3129.2785988178894	3093.526210910953
1483.921851472122	4083.0438643728808
682.6687397690723	1427.19153670417
5102.793382466846	6140.221448497499
6966.610005294218	7826.185217897758
8110.239983175727	4905.116522591743
1565.7874024705409	6014.8751900852
2224.5631163445323	5843.206682426617
4955.783224726832	8236.27399219981
470.1847535184278	2948.035879888631
4966.633652189529	2505.342991190601
4113.698274348384	5188.822196940119
6535.197859250829	4547.97867975454
6933.072598253314	5815.285821073926
5942.934253543255	3349.3197619163716
8333.988208429088	9268.532478099069
5198.568521140963	2838.5402110620016
196.42274739174238	9206.602439049138
7000.528263979995	8653.30142618372
1016.2445075962212	7725.555797128495
5801.911422371651	8155.557764058349
4900.712025998173	241.72844226171387
5901.145609703773	3911.421438088124
2283.4205449916167	2698.066154465009
3194.3823519374328	5701.309800737992
3843.37372436761	7767.200862917418
3251.07071061184	3792.6158955538613
9044.504643808532	4546.206753875457
4712.0304297724615	6685.653382982234
5956.102514298802	1872.7331159975101
3659.751910925507	9834.648734130555
9571.252061145871	8839.481514244055
1573.5281890586207	7949.064894490897
1709.5262333363303	7343.75547661297
6757.419297587132	2396.5584328211153
6771.814022593817	581.0832662629361
6716.943642359572	6957.38592901281
4109.310164479188	8276.672269028148
6860.774121795406	9721.092916489863
9575.329677192392	4145.724471071323
9116.613616771616	6269.834566045217
5947.752472560646	3583.405720844821
2575.812629269175	9458.689243862835
4341.543899425068	9907.52992764208
7119.181852860284	4081.8470607966738
6474.937393372484	5611.779634778368
126.84490690872074	504.5661812793445
709.5088357677071	1034.5564863970214
5837.8653994045135	9944.309648042876
3153.504762232524	6608.314694162216
6700.773861124718	5500.487368793921
8799.438604460096	6426.5016945413345
6144.011085083754	7260.745561175751
6661.100913446695	249.99056626904047
2595.694413963174	6852.762061200592
7181.772438317106	8272.160951674627
5295.003736484726	6664.018381685618
9804.573188149017	7971.54118066101
3462.876914709447	1618.0416721192737
3527.5145616596847	5203.201732185717
1737.5902332431804	6874.11436168512
3509.969580197839	2314.8452756975403
6431.197013768042	3108.4784331639758
2353.910338013636	4520.810802204161
9125.680548156695	2138.5656542785914
5552.406726187238	2026.9728534657727
6403.074282867741	9567.805811942919
6779.52109369773	9471.781124970505
7091.689490554864	7857.080149123652
189.86829079251643	6133.4532870467365
1310.981753882957	2769.904244195437
3702.761996826488	50.600119345319825
8810.480077245486	8491.934111041575
9364.996729991313	6713.323708725653
7623.589479884733	1891.4150275654117
4317.964279262084	8304.100526395141
7894.972621852132	4365.697118819369
8638.941153931513	2602.522752507088
9890.604216206468	509.96585781031945
4383.0225302562285	1615.2378584553805
9662.481435437197	6447.847364705261
3521.322260330696	8752.192675385955
615.3688466784469	7079.565565033407
1152.694384286751	9942.555462090919
4310.841068557406	731.8407767702051
4360.3792208466975	8468.449193788025
9244.28164115948	1734.7393538477097
6391.609383022033	5491.902435953122
2043.3849562213845	6304.197165537765
457.3586717401523	8260.1854123922
1562.09964007198	4774.9563681123545
7381.053961388983	5796.962976262425
2681.8404075530334	3707.1658884794865
6569.210020716345	7521.469107242426
3282.1900518649027	4680.922746795024
333.59269043896853	3685.1623164094003
4806.199299857404	2696.5319240981257
7463.6484878659285	7775.098175739556
4120.787328094141	6014.293407211342
3129.589225214507	105.51193122276814
1960.6301325263776	996.1270098642306
8690.649273027968	8703.875229054562
1144.324495910566	52.37192239892941
6789.688356909859	8294.954627543148
5964.492514114372	8150.607257269073
4234.434640023924	696.1647239431456
2678.896636162734	3509.3568697775268
7597.324182150221	259.7745013309483
9867.51519316722	1078.059886602687
4210.015894475697	6132.294578078568
6570.921287108341	3195.699025963916
4285.313031967855	9048.630818325291
5588.204443081501	424.00086724902144
8268.355845452445	4138.365144342129
9088.056567667885	6967.1308396311
7200.597439898562	2793.7820650810672
3774.539813758134	9318.32752171727
2874.208437747101	6034.028307751994
3249.4426197784755	3814.932333763026
8861.201505410352	8997.06079202293
5926.02324076366	8636.787804695614
3120.7053918582237	1200.7975688130223
7874.324705089651	8448.994049630484
7819.460430314856	37.1609504891901
1316.1444107216892	5368.527409619967
2244.7451228677905	5597.4547826947255
1138.1240770997947	8225.240364275567
245.58749009975344	3374.802294212098
3754.3218916428114	3191.2800648284847
4507.252210668649	7649.112257351645
4925.016826620169	2768.975656475486
6145.639504199227	2432.3327276436403
5726.3855346186765	6855.76105420732
9602.366045493509	8736.49535845264
8766.084511985131	9145.716578467329
9627.945631762663	6624.331904974624
9952.660326140776	4480.827312741619
9259.623419426303	8012.007676994629
4652.098187505903	7931.071194770999
5132.059290339861	1515.7773347851967
902.7165269173809	4360.9670376037
9203.196891597452	3769.1408527292438
6509.998673010993	8031.228617920987
4034.2972044791536	2584.338305831352
1305.846797989828	5387.680898593672
2132.2506430058243	6091.790587737288
632.13639160412	605.6222121241461
8543.929181452784	8563.356281202357
1196.3328403416008	2686.316223942542
9886.477064279243	8010.043699994287
5847.331308802807	4943.327535962575
2304.077480205319	2842.0781939407325
9532.56500551623	2569.9198960775407
5460.877803973081	4888.996633674932
4722.818162833628	1644.7583186761706
9611.39302152396	3899.7009188306906
929.0774779432653	3411.6684276332885
8033.848422899472	4277.169307464223
9586.135805613727	960.2226097194366
7668.566187939425	8249.794471033774
2540.560474831586	1537.4402817562827
6672.632989789894	941.0752391637523
9656.027557828153	6636.901725574862
8783.739237838863	1871.6615357253163
8636.911691800256	3740.093004805647
880.2079873010593	4312.512498413202
8071.4123662080665	8125.815400116157
1930.8796469213662	8605.198122695663
2908.3922399023145	517.0058396550736
8647.660448056567	8075.135606251613
107.48763144913353	6500.333601835276
5585.17640958857	6485.819730098119
1039.9455024155923	6632.451803309228
5176.121403367777	4116.874050925599
6368.031914031199	1937.799094778777
6247.526436510544	5496.010584244377
8593.745274643046	8106.362057707891
7932.317105634783	5574.75582503552
7242.962947454715	3115.8238142106675
9572.167791047197	2710.0636923906627
1739.0327326837662	7231.043055658256
6201.801416750895	6198.702323979056
7420.219985718911	1374.8184399814866
3511.525187131895	3308.5702439908205
868.3064337488022	9717.412047483462
5803.930854936068	5760.855022439939
1741.0270321442579	4998.322634463337
5392.331569349078	8439.224234714446
9638.927203662946	572.3098657058467
2132.6463628749225	3736.9957240271233
6187.604709765496	1462.6930183506392
7337.084268772609	3400.501072223686
4479.20129456272	7808.456349835612
7187.121277928035	5986.62653775923
292.38992810100785	8007.715680634062
6944.902312011477	2124.7758144894124
2098.0024018330514	5588.609936286567
8756.342622030183	1658.2671296685714
9757.826412659026	3379.7032017738225
2645.84479263988	6437.44300339003
5036.996593845106	905.493124705149
2421.683031375864	46.53562673705203
575.7900948638317	6098.640080653392
5642.75412574351	1068.5980074265776
7804.532904206139	399.04780442600816
9541.529325918675	9627.573329141422
8435.70967204764	7100.938108961733
2854.6855103693656	7893.845934116709
8630.261032380644	6412.582077834528
6882.030924743525	3999.377447351823
9710.44715475516	7109.36431698637
7775.987240174789	5380.799590523131
4379.5389768994355	3889.370403681203
6058.024943124186	1953.603584683038
2808.998487489127	1581.705791180279
8665.09102639467	1717.8256234391408
8666.692717568225	2211.2711558198416
3448.2094474695514	1405.3992761159307
1185.078985638003	8589.729889665547
5977.077792986387	2601.6072467267827
5706.192633537463	8580.923792943544
3748.6174571402107	9407.83395477299
1790.6540472431375	7480.007359786439
3454.0811628094734	7160.081420731577
4940.805569895357	2049.0854879594867
2828.4627968096765	2977.4843471854915
5263.479509817573	8668.15606431099
9787.588357752513	7987.314346415174
3985.7879101980866	9788.674255453843
8052.415380240839	7957.741786323252
6637.713675495729	7418.071702806621
266.70468047197085	3766.8785780537128
9928.180728267485	9717.077606324023
6733.368460984354	5646.399027914205
7866.6606808603465	6957.705991503754
326.44182219611406	5460.293307463262
1520.2714080947721	6068.289968233429
5879.763402990719	9414.084027600233
5946.71386574267	8782.954292330378
5410.093109520675	9537.09060205948
7306.279750442513	7016.442296808498
8901.532345974412	6040.100574136469
2931.555017546136	501.2172522508307
4059.7583933409974	4223.070118288337
7221.337648849201	5952.28599864611
7438.719475644449	8992.237201210248
6625.675388674745	4066.1974750163067
3649.0799792138127	7243.304998229262
7701.818938018308	514.1925793943681
8976.848351691273	3377.1101590455364
3246.2821867259895	9755.493029745518
672.2544629617366	6036.461694424934
2846.0849955233202	5975.232851608411
3413.092948906354	4787.600154735546
5842.64935697796	3742.5533632971874
3.3798591568623415	3916.9933760010545
6664.708287746062	2087.898084219686
4237.317852667569	6773.946183777721
4761.978219475651	9614.556068091539
40.20340783721377	8161.775696100623
3959.2353431604774	4988.024767651997
2492.048318904837	4165.059812538298
8950.828791902837	6687.770146848248
3146.3311607259457	8497.740326865072
9868.552163443064	8259.48649400985
4175.434075157158	1966.6210734522926
9381.185795922636	471.9666845896431
3305.9603364645172	6967.073030330071
621.9155671788734	9761.213955820152
4251.268690422585	2062.5188111454318
8390.219954655702	3135.439812661782
5405.201730111608	2646.5383024850275
537.7113159758807	3318.1078293514665
2930.126974801991	2446.1998450335464
1222.8083554617385	4322.201035790566
3054.0478765067937	7197.491621917089
2807.0021452276583	6877.404726428054
2385.6833542252407	6208.485539755017
8565.876795373273	5172.908838350052
4363.056562430723	9723.142904910592
4100.929157040328	1232.0600121874036
4570.272563673542	8.422756695005695
1363.6255736673918	901.0944801917409
7588.805461666627	1909.6343590910735
5541.027387883734	5912.710727436501
3293.756870785287	4253.7277034512235
1702.7000843024487	9776.251188124224
1062.1869663542639	6927.492090653956
5071.519381011874	1349.7781662246555
6229.761992823023	9717.388536912906
6056.372962617681	8865.344002607488
4313.600255339813	8070.018755086256
8772.649140834423	8907.275954991308
5013.3418210695345	7816.9868014246795
9676.795041203406	9384.30472903642
9809.105277070294	5605.185786857596
1154.116946523156	2889.8851955633877
4094.137617403567	4283.301099015361
3424.3820928571467	7011.076778264232
7211.6023187527335	2817.5891452276323
6967.681946889226	1124.8566324020003
1509.092616687011	8444.756276913056
6823.395584108864	5011.768012746839
4581.097592495737	4717.030911442225
9577.990108088692	3220.306696285232
7238.785539045741	2854.2789216233823
3632.7846407480224	531.4785436272584
3428.1190316943143	5390.290748971309
3430.692424535511	8101.466118228127
7311.443126112045	485.122370286375
8721.347821364723	6901.362116681743
7034.342951893034	2472.6460602879006
656.916999549626	4926.445805158277
4318.696769932751	9222.226126408235
7536.278696587985	7313.486616836377
3954.496141917394	9715.707757567634
4353.154616207181	3983.0824709441813
7507.1456582909905	5875.666408678355
1954.1585238991322	7715.053446762945
1113.5936669794478	1128.1307043256638
3575.6229695424126	6668.423424382572
8109.786066221868	4442.7671158103185
8803.456662942168	9273.54257586151
3413.577769111443	2665.7629886555346
7588.17000013209	6152.4188937005565
8081.373464300916	5845.429500739271
9847.60373484259	3264.3390663307646
9263.416880034812	9947.79613982488
9402.780978671442	2827.3780854291053
2901.776402933324	8869.243057085989
4517.696903857813	3732.4109273716986
3946.730504347288	2975.479182293854
1151.7491110201772	1144.7559415934272
1611.385639473214	4530.942095201928
9183.902657399727	5779.595221812669
5241.000552757418	1329.9582663821175
6330.57513289139	6940.830890896083
9742.64365138281	8600.77028718819
9254.617431328	9829.057433324047
8202.431083453163	5825.804546132891
6450.655887179403	6852.836609030665
3311.7527123485593	9506.31281532529
2892.4510840256503	4718.4875005156955
8530.52127816477	5096.794204268262
2140.82578847738	3927.111138539956
4534.62660005824	1344.3629481608111
7636.092001533527	4973.5911930918755
6426.413089467959	8090.499942022949
1236.8139244956121	6020.823626641527
2431.1480613638505	4227.382008139605
3717.119954842363	113.44463219941758
5359.073990045089	5948.2605904655875
8897.677495181646	6098.844937161182
3981.795538912374	6691.116649297165
360.82780129901846	6339.269363545068
2653.3805072812634	9247.088086588912
7288.276350909885	6027.3197872939645
4000.698528254385	7389.9365067201625
3860.1140534062038	3458.1940717842863
1314.1643895233567	9080.074819993395
4866.849554059305	7965.507633908592
4389.187826227435	5806.45397562643
8711.508375547826	2393.563548507074
5000.280307350583	2951.866330392785
7816.757160724964	9957.450481655731
5933.899965118351	4201.988213192858
5602.395533692121	1133.3592886895638
562.7647592942097	8965.757667900345
8661.449413480625	4825.035508148185
8313.501869883994	5534.435940547386
2538.495462762139	9468.290018256974
5061.139646431206	4278.980556992581
9601.72602039757	3964.008368793437
6478.093468312667	4570.1137457567675
7900.667584428979	5371.121221492429
6671.931749911346	6302.739899626685
614.3476367311018	144.50470401760285
4065.3563030624796	1916.1309634533764
6720.0960714418625	8368.800257303708
1403.4643325574036	7623.56385268207
4851.063640090119	5917.661150385053
7017.505502929847	3199.857906438566
3960.9232226749236	7758.941588228278
30.986063627633786	8122.530709067978
6377.115707798058	6729.867194370867
3063.111150627653	8122.0508345858425
1099.3908487545311	6022.236683309876
2166.200267908548	268.93420996432104
7788.2827028708925	346.2214799703789
5227.8497571875205	6610.198063852307
4788.5536286973165	282.3475307915846
6875.254855349801	6064.948505881007
7745.527345895988	6684.7544304436105
38.24957058574774	1798.6464400532686
8897.625305998188	7164.848992310914
1759.2574970310793	6617.858640833822
966.3086146155464	4662.980124826575
3582.491397282831	2062.073250760734
3715.0219081159707	8906.780797186953
4911.377670271563	7816.41457357247
5711.621019050698	5158.339513024706
1092.3257585496904	6828.866748788401
8604.163081313343	1068.3734399096688
6664.597083933766	8087.876472804007
6307.8238744061255	1684.099325730689
8210.174691287239	3400.973580595508
6901.096544362568	4698.507810845906
544.1736085052162	6712.308629794993
742.324625317693	2882.2645161509895
4605.471788149266	4506.781135949555
4343.00280426598	8305.474834928933
5338.878955411099	3670.6877136388584
5872.174947840431	3435.0725385911096
3104.312139436525	8813.593186686061
4816.650129391742	7484.593383724191
2705.072026391652	4503.38755544918
5284.645545384476	2496.628269459318
9996.46837927519	9126.262733086032
9715.855507563505	2554.2514690393427
7217.674510390926	6155.601641911206
7348.8412707227635	1246.242585826668
4683.837122472808	5498.545715621554
9697.018380754815	7051.934869429981
8282.104613820457	2286.2666220394212
3497.418690481975	3665.0383989920597
9334.37937063969	2983.7354127708327
121.78713075786662	2441.800672682691
5821.2394504521535	9017.049721207022
9277.467500723096	7137.385146533375
1705.6170133004878	6251.142598263399
3975.9226487858455	6885.362642341626
4151.460561193615	4597.962248707999
3209.6214117959967	1978.7251677644358
6801.74639488071	5794.982545055548
8553.420826023581	8426.849691156409
961.8512273550883	8966.160528295772
994.4574523827687	1491.353636631061
5528.432488903208	2962.2320867515373
4694.955094336131	5444.798632570478
810.6048905386109	1674.4987476390816
5105.248193327152	6649.71674356466
1009.3475560058463	3526.018941357717
9869.704355922888	9721.446590946976
5052.707456799905	9166.395726691302
2306.1300879957303	2016.7865965770081
5728.5146233657315	2031.104049393524
8889.625568481662	9981.481037901678
2612.958088125803	4873.576152106181
4134.74818293728	1993.0792467481563
5162.518246530861	1638.0245701703466
8545.23744225745	6251.715294131637
8518.387012046791	8113.251183422615
7888.44061910337	8999.877363129168
6066.648628191675	6692.4531473615825
4951.972056848717	7893.248432684526
9604.138454200374	261.30128783142584
8153.026828181097	7698.217331194923
79.03477486501775	7746.341460203912
4896.163759872354	657.6722821567638
9306.87461696162	9178.018982183588
1413.2600875862179	1845.2075897808772
5806.837906923564	1257.407918284067
4969.732080854339	618.8894576543469
5959.768883462386	5362.981715127648
8784.007668115331	2889.237757121622
5058.559238321346	8693.532524362121
4782.624371662745	5332.105043498733
1503.1470758420307	5815.610854402271
4401.221100450504	1905.641263105804
1386.5310317684275	2268.6215199003714
3042.079004669467	5071.5522047271725
24.842041324674156	4077.9812752245625
9511.758825939518	8974.376030254218
1603.6489945130616	7036.503720161781
